0.014417
0.014412
0.025044
0.053645
0.084082
0.112471
0.119864
0.093189
0.014151
0.007197
0.006059
0.001369
0.000653
0.016104
0.002808
0.020518
0.024930
0.010701
0.120410
0.101551
0.016370
0.018916
0.016274
0.027723
0.015371
0.016425
0.024144
0.001983
0.002026
0.023549
0.008466
0.026363
0.005741
0.030323
0.010813
0.010328
0.017444
0.032975
0.014060
0.023997
0.016823
0.001224
0.001307
0.034118
0.010090
0.061087
0.000703
0.016040
0.002132
0.012609
0.062091
0.009323
0.021167
0.014528
0.003132
0.001675
0.002695
0.000650
0.000102
0.024548
0.007216
0.008335
0.006258
0.012329
0.007782
0.023358
0.004651
0.002393
0.015391
0.001170
0.007882
0.013380
0.069076
0.006049
0.039556
0.037014
0.054962
0.039659
0.034768
0.000505
0.017899
0.010895
0.002354
0.026592
0.012296
0.001402
0.002414
0.001495
0.008905
0.016005
0.000872
0.002505
0.007826
0.047262
0.011424
0.011638
0.021162
0.043912
0.008027
0.059435
0.018464
0.002642
0.003433
0.032613
0.010851
0.004737
0.009517
0.008972
0.023061
0.012691
0.017795
0.004797
0.000543
0.001745
0.038073
0.009873
0.019330
0.003728
0.006903
0.004808
0.016922
0.014175
0.034589
0.006369
0.003248
0.008724
0.030197
0.011527
0.015458
0.005204
0.010056
0.006982
0.002795
0.000816
0.000279
0.023172
0.002220
0.006772
0.003145
0.003042
0.017235
0.005503
0.002588
0.012779
0.030228
0.008515
0.092136
0.062985
0.003822
0.049487
0.032130
0.067572
0.017299
0.008451
0.027266
0.007737
0.002842
0.031479
0.017774
0.008359
0.020138
0.023691
0.009205
0.040081
0.007048
0.048872
0.020529
0.007584
0.013156
0.009402
0.021603
0.029446
0.017485
0.013651
0.019931
0.006177
0.030805
0.007702
0.019735
0.001104
0.013204
0.013396
0.013858
0.014905
0.017043
0.019984
0.015781
0.013890
0.000495
0.011824
0.015534
0.003637
0.000053
0.000019
0.017676
0.022652
0.024067
0.000644
0.023686
0.083353
0.012794
0.001228
0.055211
0.024969
0.003066
0.043170
0.000797
0.003317
0.017065
0.002423
0.008597
0.002224
0.008818
0.005167
0.001513
0.006903
0.002958
0.002260
0.008761
0.004509
0.050842
0.021583
0.022506
0.000909
0.000237
0.019893
0.030091
0.047212
0.007701
0.026002
0.012029
0.001923
0.007807
0.003311
0.046726
0.009565
0.000772
0.031829
0.014196
0.034377
0.007695
0.001604
0.000962
0.015692
0.053373
0.015633
0.045781
0.009640
0.004107
0.016055
0.021350
0.045018
0.008149
0.050841
0.010871
0.005074
0.012096
0.023851
0.000881
0.031960
0.012574
0.016055
0.001163
0.004254
0.021104
0.015131
0.006119
0.020224
0.011388
0.030386
0.024216
0.002750
0.006935
0.018491
0.073884
0.005635
0.024598
0.000910
0.024440
0.051157
0.001280
0.089971
0.008386
0.004917
0.003000
0.032073
0.028428
0.002612
0.014991
0.002539
0.032528
0.030587
0.009160
0.005250
0.008711
0.067285
0.013169
0.005905
0.001799
0.002560
0.054017
0.013674
0.017632
0.000064
0.015295
0.006780
0.031575
0.003234
0.018938
0.014125
0.017186
0.002809
0.011258
0.011331
0.020608
0.048591
0.015594
0.001160
0.000110
0.005182
0.028177
0.012744
0.064860
0.009251
0.017989
0.004200
0.020695
0.004222
0.004404
0.011097
0.029844
0.027290
0.010874
0.025937
0.014655
0.013724
0.005183
0.029428
0.016231
0.008229
0.049748
0.009297
0.004366
0.008741
0.010159
0.003310
0.004654
0.037568
0.004524
0.001837
0.002625
0.004356
0.001327
0.015159
0.022845
0.005239
0.002765
0.019061
0.016745
0.031043
0.009844
0.000398
0.004183
0.000101
0.005235
0.009825
0.005551
0.039397
0.061940
0.041683
0.021438
0.001206
0.000912
0.000133
0.022465
0.002250
0.009979
0.011377
0.000383
0.000874
0.001792
0.002766
0.000054
0.029441
0.023607
0.003597
0.018107
0.002837
0.006324
0.011362
0.003092
0.034038
0.019909
0.009417
0.004364
0.009912
0.000660
0.014174
0.037100
0.036851
0.022581
0.005847
0.043212
0.018436
0.019962
0.013705
0.057203
0.024766
0.005479
0.029019
0.027560
0.016882
0.015523
0.000829
0.004472
0.039886
0.031410
0.007968
0.021524
0.076130
0.027727
0.028481
0.016039
0.011431
0.000545
0.001601
0.004978
0.020309
0.038199
0.006069
0.034449
0.015398
0.030073
0.026971
0.009375
0.013245
0.003380
0.012120
0.007367
0.021145
0.002724
0.025492
0.005088
0.026057
0.008567
0.011336
0.010449
0.012584
0.001848
0.003724
0.005059
0.030264
0.021310
0.038573
0.002674
0.059842
0.015449
0.024820
0.008378
0.015769
0.003556
0.050903
0.004009
0.044566
0.079430
0.047461
0.061056
0.006599
0.016434
0.033727
0.027130
0.001609
0.018625
0.000543
0.014013
0.005611
0.018224
0.023417
0.022184
0.026166
0.006145
0.046918
0.130416
0.025614
0.011809
0.002134
0.011439
0.027351
0.013093
0.002290
0.003797
0.001269
0.026123
0.045874
0.024461
0.003073
0.008517
0.033101
0.022245
0.023460
0.000729
0.032669
0.017141
0.003618
0.021212
0.012347
0.030890
0.013488
0.031856
0.026916
0.010621
0.050749
0.023913
0.048078
0.001261
0.001822
0.066308
0.039215
0.004841
0.001512
0.000848
0.002516
0.009316
0.004555
0.028568
0.026118
0.012230
0.002340
0.009854
0.009365
0.021854
0.017036
0.009450
0.000235
0.014177
0.001140
0.017148
0.001059
0.058216
0.005043
0.032214
0.030464
0.010882
0.010289
0.016267
0.021693
0.043434
0.043133
0.025868
0.003263
0.007748
0.016890
0.013763
0.001669
0.015211
0.004197
0.032022
0.002114
0.006325
0.026537
0.064024
0.052761
0.007378
0.045436
0.014950
0.001845
0.018965
0.063568
0.001726
0.033932
0.004680
0.031135
0.027185
0.058132
0.040928
0.024537
0.009450
0.031895
0.008059
0.025823
0.009998
0.008392
0.000982
0.001434
0.076383
0.005093
0.016207
0.007539
0.029329
0.027547
0.013398
0.002857
0.005875
0.007858
0.019054
0.026053
0.027735
0.040447
0.011411
0.005474
0.004584
0.000532
0.004823
0.002053
0.016747
0.017399
0.007242
0.012760
0.001578
0.001126
0.018528
0.004965
0.026874
0.012108
0.000148
0.028941
0.019038
0.026443
0.030728
0.000749
0.139023
0.129182
0.040179
0.012103
0.045628
0.004312
0.000526
0.007451
0.023354
0.007376
0.015144
0.009600
0.010479
0.064784
0.044571
0.007793
0.061710
0.023978
0.020257
0.012149
0.048768
0.022595
0.007449
0.012557
0.074048
0.013363
0.004753
0.027627
0.017682
0.024766
0.008429
0.041246
0.002575
0.028275
0.013511
0.001553
0.038795
0.013899
0.006177
0.077683
0.027073
0.033581
0.009428
0.000246
0.014573
0.002245
0.033456
0.067243
0.008366
0.009762
0.004212
0.015711
0.016829
0.011445
0.010202
0.010044
0.023854
0.016845
0.001676
0.004103
0.009888
0.022001
0.011601
0.015494
0.004857
0.007300
0.001549
0.009870
0.013136
0.007935
0.014905
0.003902
0.004348
0.015206
0.011893
0.032961
0.025849
0.000852
0.015149
0.046351
0.013770
0.039929
0.018017
0.028162
0.002304
0.023543
0.005243
0.000769
0.001091
0.071602
0.008401
0.008372
0.046778
0.005986
0.009186
0.037904
0.004499
0.005670
0.036173
0.000645
0.014045
0.035447
0.030416
0.014104
0.050631
0.036047
0.024489
0.022312
0.018201
0.012040
0.005691
0.007189
0.015393
0.012884
0.056290
0.005247
0.045886
0.006409
0.013802
0.005446
0.011492
0.000937
0.003869
0.021290
0.009325
0.005472
0.000016
0.025381
0.010581
0.047629
0.021468
0.020250
0.000828
0.007688
0.018343
0.023908
0.023647
0.032502
0.013018
0.017186
0.002017
0.004878
0.011433
0.021291
0.065298
0.024256
0.018439
0.004943
0.027710
0.010168
0.007813
0.002714
0.026335
0.006951
0.001529
0.022320
0.011662
0.013989
0.091374
0.005193
0.013635
0.048111
0.043543
0.002113
0.014286
0.005958
0.018058
0.017449
0.001503
0.000553
0.012492
0.019546
0.013565
0.005950
0.000156
0.018018
0.018097
0.003383
0.000150
0.002541
0.035912
0.010805
0.071059
0.006263
0.003173
0.009220
0.049208
0.001550
0.002764
0.002153
0.010301
0.015222
0.014485
0.004983
0.015897
0.007482
0.034551
0.001830
0.106825
0.020789
0.046634
0.029294
0.032553
0.038785
0.014953
0.021660
0.003533
0.040016
0.024348
0.014669
0.015107
0.011010
0.022325
0.003826
0.036792
0.012878
0.005388
0.000741
0.101737
0.018561
0.030129
0.014059
0.024232
0.084106
0.010345
0.019099
0.000403
0.009561
0.004089
0.016878
0.029778
0.010978
0.013222
0.001023
0.028773
0.004671
0.006051
0.021065
0.015751
0.007932
0.005412
0.022775
0.013880
0.031981
0.009317
0.002580
0.003063
0.010405
0.094074
0.002931
0.048845
0.005535
0.004246
0.047832
0.023421
0.073137
0.012218
0.000899
0.085527
0.013718
0.004134
0.014270
0.010040
0.022744
0.011976
0.018703
0.008839
0.016553
0.002809
0.016055
0.004048
0.000032
0.006000
0.018223
0.005790
0.000221
0.022188
0.000849
0.000786
0.035609
0.024292
0.023201
0.024655
0.022398
0.012345
0.031879
0.015957
0.001694
0.008973
0.013005
0.016461
0.000189
0.032478
0.034272
0.018953
0.010480
0.042176
0.062032
0.049309
0.027537
0.015028
0.034814
0.010471
0.071623
0.000614
0.009458
0.001518
0.046629
0.018128
0.014903
0.001941
0.021022
0.015600
0.006383
0.018494
0.013004
0.002854
0.008260
0.037633
0.021816
0.003771
0.003117
0.006277
0.007489
0.010233
0.015633
0.017879
0.017484
0.002282
0.005339
0.011391
0.013129
0.049941
0.001220
0.000258
0.013765
0.079246
0.005410
0.018797
0.014681
0.015826
0.014653
0.002637
0.048164
0.008389
0.036371
0.006370
0.022027
0.001245
0.003829
0.014128
0.013441
0.000076
0.006604
0.056691
0.000864
0.023664
0.040828
0.020215
0.006869
0.048615
0.030144
0.011981
0.019365
0.018240
0.054005
0.001575
0.098902
0.005367
0.014372
0.066493
0.000476
0.010114
0.005813
0.000499
0.026367
0.031127
0.001420
0.003374
0.007562
0.013365
0.001436
0.038741
0.015956
0.016329
0.007793
0.032126
0.016561
0.031332
0.002084
0.007775
0.001676
0.012000
0.001139
0.002331
0.003518
0.002785
0.007158
0.002507
0.044445
0.007028
0.001730
0.013752
0.018804
0.002568
0.001690
0.008683
0.011010
0.007635
0.000348
0.002294
0.013938
0.002056
0.047393
0.016563
0.005077
0.003218
0.032092
0.012833
0.017457
0.014787
0.019725
0.005941
0.028962
0.006101
0.017135
0.001861
0.004046
0.007076
0.002829
0.000395
0.038682
0.000797
0.009849
0.001323
0.025871
0.023360
0.032836
0.002740
0.009429
0.002926
0.007328
0.019194
0.051265
0.036793
0.025490
0.024459
0.022082
0.017300
0.009446
0.061139
0.004701
0.021238
0.002906
0.007585
0.008706
0.005140
0.004904
0.012348
0.053691
0.007526
0.012941
0.000340
0.019284
0.021499
0.007239
0.029618
0.040584
0.003621
0.001882
0.119422
0.002734
0.032921
0.025273
0.000004
0.008395
0.003131
0.021805
0.025033
0.005220
0.034357
0.036250
0.016293
0.029253
0.013928
0.005895
0.015095
0.050441
0.010640
0.009608
0.024525
0.027993
0.001827
0.017060
0.025416
0.001652
0.034941
0.029731
0.036056
0.021550
0.061128
0.019131
0.003649
0.007278
0.007778
0.002993
0.034519
0.023808
0.025827
0.000416
0.010292
0.007454
0.003611
0.002152
0.001560
0.013294
0.007277
0.008691
0.007681
0.021767
0.001931
0.010375
0.020495
0.003478
0.000913
0.027611
0.003884
0.000321
0.013918
0.007730
0.007304
0.043556
0.025285
0.075719
0.005700
0.024506
0.000308
0.015182
0.003537
0.000988
0.027537
0.002989
0.066361
0.013204
0.006385
0.004039
0.016022
0.022667
0.000873
0.072189
0.026139
0.027111
0.056366
0.005268
0.012620
0.024969
0.018837
0.012145
0.024713
0.010333
0.001621
0.013612
0.007917
0.010623
0.013033
0.002376
0.004706
0.005668
0.015935
0.001698
0.009148
0.014270
0.024417
0.016357
0.055005
0.011527
0.002180
0.005921
0.014669
0.032216
0.000930
0.047772
0.001782
0.005587
0.024472
0.011329
0.028583
0.004232
0.003840
0.006633
0.002437
0.001156
0.005834
0.001187
0.067467
0.006285
0.057186
0.003305
0.009594
0.054865
0.020201
0.000029
0.005275
0.011263
0.013157
0.064381
0.006289
0.112399
0.095932
0.018449
0.034856
0.010914
0.001054
0.008800
0.025979
0.002653
0.001134
0.003505
0.012779
0.010484
0.002622
0.053672
0.012457
0.010378
0.003950
0.007439
0.005550
0.017132
0.006366
0.008077
0.013540
0.052532
0.000391
0.021442
0.041588
0.004850
0.008220
0.001550
0.006589
0.001141
0.022670
0.020773
0.023444
0.003764
0.003389
0.019104
0.007848
0.007042
0.030974
0.000664
0.056670
0.009366
0.008201
0.005277
0.007150
0.022520
0.007906
0.028754
0.017869
0.018930
0.006485
0.000875
0.020024
0.013701
0.004486
0.018428
0.011341
0.009831
0.045630
0.031412
0.004367
0.019540
0.004371
0.051921
0.029202
0.002187
0.036310
0.022527
0.003030
0.019175
0.012818
0.004587
0.036757
0.004023
0.012966
0.003307
0.012766
0.013187
0.006207
0.000547
0.034543
0.028649
0.026123
0.017565
0.006517
0.001631
0.038252
0.011789
0.068216
0.020172
0.003796
0.003819
0.011608
0.002146
0.013451
0.001805
0.060388
0.051432
0.068668
0.010665
0.033117
0.001505
0.000304
0.009818
0.006472
0.001799
0.050808
0.028169
0.005706
0.016741
0.003755
0.029336
0.026094
0.015160
0.007744
0.000964
0.005914
0.000088
0.016170
0.059610
0.015708
0.027927
0.008386
0.007892
0.002218
0.016786
0.014525
0.047351
0.021496
0.031479
0.026087
0.004009
0.009855
0.023898
0.019678
0.010329
0.022797
0.010068
0.003505
0.006609
0.005364
0.032878
0.024195
0.045712
0.062963
0.016588
0.033334
0.023408
0.030635
0.010271
0.006552
0.075799
0.005471
0.021042
0.019450
0.029464
0.010677
0.016376
0.016910
0.007549
0.019881
0.053233
0.019167
0.004684
0.006537
0.028435
0.000678
0.004348
0.047035
0.019888
0.013899
0.002543
0.011281
0.004449
0.004450
0.008714
0.007511
0.019359
0.042299
0.031484
0.012560
0.018350
0.008322
0.002141
0.000922
0.009636
0.066553
0.004790
0.017748
0.019278
0.008228
0.008434
0.075630
0.015234
0.000851
0.011066
0.005816
0.017204
0.004248
0.032978
0.002860
0.009997
0.004257
0.013464
0.005248
0.037887
0.000173
0.005760
0.012938
0.017767
0.004060
0.021006
0.006372
0.021251
0.012170
0.003188
0.007915
0.002513
0.020599
0.037649
0.004327
0.011393
0.039275
0.003562
0.003174
0.009036
0.041642
0.035018
0.012322
0.019450
0.014815
0.012122
0.055936
0.010423
0.000207
0.005316
0.008862
0.000751
0.037221
0.031791
0.002823
0.013189
0.027472
0.001467
0.014947
0.017757
0.025019
0.047320
0.043680
0.002853
0.024762
0.002455
0.003168
0.033383
0.016643
0.016265
0.000549
0.023817
0.000846
0.031340
0.011832
0.013252
0.033976
0.011897
0.006536
0.014955
0.019760
0.065337
0.055484
0.109544
0.040271
0.008805
0.006793
0.011555
0.000507
0.000718
0.079917
0.035741
0.017005
0.008661
0.037521
0.037896
0.016619
0.027612
0.027736
0.022930
0.006451
0.009866
0.007983
0.008312
0.004653
0.010640
0.002617
0.043044
0.004728
0.005410
0.013110
0.027038
0.001185
0.013558
0.014142
0.015131
0.015603
0.010014
0.009871
0.025260
0.026978
0.048471
0.034507
0.024034
0.041433
0.018436
0.025630
0.035187
0.009147
0.022670
0.025268
0.002722
0.003391
0.002882
0.003922
0.002491
0.001026
0.004317
0.026212
0.020574
0.004856
0.009209
0.006062
0.003587
0.015730
0.034017
0.018880
0.030175
0.027725
0.014242
0.005425
0.024721
0.002680
0.004742
0.002886
0.035908
0.033305
0.020386
0.010617
0.025939
0.017754
0.010015
0.002406
0.006919
0.027288
0.026998
0.001260
0.065720
0.005037
0.021634
0.079065
0.027618
0.026012
0.018949
0.022207
0.000265
0.036761
0.000373
0.009641
0.004792
0.025774
0.008424
0.000016
0.055737
0.021489
0.014988
0.003523
0.001752
0.134058
0.004142
0.003974
0.008592
0.012535
0.018259
0.008184
0.014284
0.000351
0.007612
0.032996
0.065158
0.008900
0.014697
0.037386
0.006805
0.001119
0.018275
0.004304
0.019290
0.000114
0.006035
0.016748
0.001299
0.002064
0.000441
0.004354
0.000544
0.007167
0.019294
0.114615
0.079448
0.008412
0.003063
0.020435
0.018263
0.027558
0.000501
0.005329
0.005197
0.004927
0.004503
0.004336
0.007307
0.001547
0.016492
0.029252
0.012419
0.030644
0.012246
0.019195
0.014389
0.011468
0.050366
0.011711
0.014397
0.034271
0.004700
0.029135
0.025029
0.007531
0.008512
0.004610
0.000628
0.005314
0.003700
0.037023
0.023651
0.016782
0.015002
0.084573
0.103980
0.001522
0.013131
0.007025
0.008205
0.007220
0.024983
0.014743
0.019687
0.000123
0.004432
0.004149
0.003820
0.000481
0.011227
0.011767
0.026012
0.007066
0.002880
0.000732
0.058135
0.009083
0.023077
0.023072
0.010300
0.008607
0.010010
0.003599
0.007739
0.011484
0.023189
0.007392
0.012380
0.018016
0.008432
0.018563
0.013584
0.011084
0.000898
0.006214
0.005814
0.001285
0.000160
0.011556
0.021026
0.009560
0.009954
0.006052
0.059172
0.005933
0.000190
0.018841
0.022691
0.013580
0.028771
0.001493
0.010126
0.031062
0.002106
0.008677
0.005715
0.005430
0.003034
0.019300
0.013303
0.005975
0.001479
0.000179
0.008960
0.003820
0.002181
0.014374
0.048962
0.007189
0.004026
0.008788
0.013260
0.021366
0.013979
0.000774
0.014295
0.032986
0.003616
0.017915
0.002173
0.002742
0.033695
0.028299
0.003515
0.000540
0.019260
0.016555
0.025978
0.004894
0.002718
0.030145
0.000091
0.035812
0.001119
0.022358
0.019663
0.019044
0.082736
0.004336
0.007957
0.004605
0.004276
0.003747
0.028608
0.006048
0.018328
0.005691
0.065675
0.041489
0.002165
0.009743
0.011089
0.000703
0.004686
0.087634
0.075225
0.022769
0.013801
0.007690
0.007819
0.000438
0.001662
0.006713
0.000719
0.014243
0.034939
0.006434
0.002982
0.006112
0.007971
0.016244
0.008484
0.071915
0.064576
0.021219
0.017541
0.000350
0.020489
0.031240
0.042090
0.011800
0.009975
0.030203
0.013092
0.009025
0.010751
0.003848
0.004154
0.014054
0.008802
0.013463
0.023047
0.019489
0.012891
0.004381
0.029289
0.037716
0.001840
0.028303
0.032872
0.059500
0.007276
0.006844
0.054880
0.051507
0.018643
0.003848
0.004467
0.017499
0.024648
0.051627
0.000934
0.038974
0.030815
0.003005
0.001688
0.022981
0.001778
0.004256
0.009708
0.017106
0.059219
0.046948
0.009411
0.011711
0.000379
0.059664
0.015790
0.028796
0.016979
0.013711
0.026815
0.044007
0.016845
0.006016
0.003854
0.008412
0.012908
0.008860
0.057866
0.002025
0.000571
0.005753
0.006963
0.012561
0.002830
0.011656
0.013519
0.048041
0.049084
0.005693
0.004935
0.000710
0.003070
0.015868
0.001183
0.005330
0.050040
0.008487
0.007830
0.016730
0.005567
0.005208
0.003011
0.023631
0.059758
0.032533
0.019527
0.043470
0.025260
0.007440
0.007127
0.058404
0.042939
0.029535
0.020942
0.006607
0.009265
0.004099
0.021481
0.009126
0.030978
0.057628
0.011616
0.003804
0.059935
0.002120
0.000252
0.002480
0.018223
0.017646
0.001392
0.060396
0.015422
0.016901
0.007188
0.008618
0.008096
0.029743
0.018240
0.016302
0.042365
0.021178
0.043578
0.076492
0.029409
0.042292
0.005577
0.012782
0.019780
0.011908
0.062061
0.015672
0.024072
0.017751
0.097112
0.025641
0.013491
0.008935
0.000465
0.017311
0.017760
0.005552
0.000785
0.056606
0.007680
0.011430
0.023798
0.004470
0.031867
0.031129
0.021282
0.029658
0.003215
0.031221
0.011050
0.009015
0.006456
0.007276
0.007058
0.003422
0.003008
0.056496
0.024657
0.013517
0.015846
0.012534
0.037358
0.030684
0.001222
0.002981
0.007070
0.005584
0.014926
0.005205
0.014107
0.086007
0.040133
0.006321
0.048233
0.067865
0.005989
0.011268
0.042255
0.007112
0.034916
0.004949
0.030243
0.027094
0.002110
0.004066
0.004473
0.013913
0.012540
0.021912
0.000951
0.002255
0.005013
0.009204
0.004597
0.032708
0.095905
0.015180
0.008781
0.005635
0.004215
0.039607
0.011730
0.001539
0.002382
0.028880
0.018970
0.026324
0.030968
0.001324
0.003070
0.006491
0.009484
0.026208
0.055939
0.051406
0.019740
0.000273
0.011276
0.015929
0.008773
0.001986
0.005504
0.003829
0.010770
0.000803
0.007711
0.019174
0.031236
0.002233
0.009284
0.007479
0.011836
0.035865
0.045367
0.030657
0.018820
0.015474
0.021322
0.000485
0.001155
0.002581
0.004999
0.005326
0.009041
0.001388
0.129189
0.073976
0.002900
0.020106
0.019841
0.000083
0.003532
0.079001
0.066771
0.008767
0.039610
0.047658
0.018402
0.011536
0.002806
0.023516
0.020877
0.028052
0.008554
0.004735
0.000992
0.006993
0.009552
0.017105
0.000024
0.019418
0.035163
0.006335
0.002138
0.001492
0.012785
0.005900
0.003783
0.021101
0.009769
0.008607
0.015505
0.001281
0.008143
0.013555
0.047731
0.038839
0.003633
0.037628
0.034140
0.037979
0.025146
0.018251
0.001845
0.073780
0.044243
0.042082
0.004144
0.007544
0.004280
0.005464
0.021622
0.033402
0.034528
0.000052
0.037653
0.001045
0.014933
0.029966
0.036180
0.025139
0.064407
0.047629
0.000991
0.008719
0.026915
0.004902
0.014415
0.002975
0.001314
0.001801
0.053321
0.032883
0.012449
0.012107
0.012857
0.022861
0.027476
0.006216
0.028748
0.010777
0.060439
0.005656
0.047581
0.003908
0.035202
0.007211
0.023978
0.033096
0.012594
0.012323
0.012872
0.019851
0.011424
0.038201
0.002414
0.045194
0.008790
0.001062
0.071035
0.008666
0.010216
0.004076
0.009726
0.020809
0.009126
0.006414
0.006139
0.001425
0.052089
0.063831
0.058838
0.013032
0.022887
0.024513
0.000756
0.022116
0.029315
0.005488
0.000265
0.010201
0.009024
0.013940
0.023522
0.016118
0.000644
0.000611
0.041512
0.000934
0.006377
0.006360
0.002756
0.005178
0.004612
0.002875
0.042761
0.002108
0.015812
0.011394
0.017912
0.017198
0.001398
0.000885
0.018868
0.009035
0.017009
0.002836
0.012741
0.022099
0.010383
0.021876
0.004532
0.004771
0.010233
0.013117
0.005142
0.048123
0.009168
0.000220
0.017555
0.014227
0.013938
0.017005
0.000460
0.030283
0.016271
0.006068
0.011268
0.004756
0.006457
0.024962
0.029797
0.013949
0.031977
0.011502
0.009369
0.005186
0.047542
0.008253
0.035804
0.018641
0.036406
0.060447
0.045221
0.000319
0.047614
0.011385
0.049905
0.005754
0.004594
0.050458
0.019348
0.015423
0.000781
0.000458
0.028493
0.009218
0.025435
0.007085
0.004595
0.012313
0.050290
0.005908
0.005160
0.000303
0.053761
0.050326
0.015827
0.040302
0.001785
0.017521
0.032013
0.019252
0.009240
0.004611
0.031951
0.054788
0.007447
0.005958
0.027350
0.014707
0.008428
0.006444
0.012836
0.008342
0.003450
0.111133
0.052859
0.000131
0.001337
0.008078
0.012126
0.023369
0.014632
0.088794
0.041419
0.030093
0.007960
0.041904
0.005459
0.012480
0.000048
0.013068
0.004594
0.030269
0.035653
0.029668
0.028206
0.014289
0.004326
0.011269
0.036302
0.001509
0.028175
0.060931
0.028930
0.001194
0.007007
0.003015
0.001277
0.017609
0.000998
0.035595
0.018600
0.002529
0.002221
0.014543
0.004796
0.013479
0.000831
0.020575
0.017098
0.017294
0.005109
0.000424
0.121767
0.043760
0.026693
0.010533
0.026435
0.021029
0.005391
0.011071
0.010488
0.015649
0.014834
0.004055
0.005691
0.032558
0.014199
0.024126
0.012970
0.030023
0.006834
0.020147
0.004274
0.007002
0.000689
0.010440
0.004861
0.014572
0.003844
0.005768
0.048045
0.009496
0.020390
0.014277
0.005151
0.020156
0.029301
0.032640
0.034665
0.019286
0.006052
0.040775
0.034466
0.004995
0.039302
0.017873
0.029828
0.005565
0.009167
0.000189
0.017120
0.012658
0.015693
0.003155
0.027963
0.028674
0.019724
0.039387
0.020518
0.019096
0.000738
0.013130
0.020515
0.018235
0.032765
0.026829
0.002795
0.111777
0.100516
0.012801
0.005498
0.001642
0.004808
0.017271
0.016072
0.000842
0.002018
0.004590
0.009103
0.008216
0.021131
0.037767
0.006409
0.067513
0.022609
0.010977
0.008479
0.004255
0.057982
0.022919
0.001656
0.052406
0.000015
0.015678
0.008995
0.004115
0.027168
0.031795
0.008603
0.029342
0.015187
0.004634
0.004610
0.000455
0.003458
0.029489
0.005074
0.006741
0.021521
0.008976
0.003022
0.012372
0.015212
0.092261
0.089296
0.011118
0.022336
0.072605
0.018609
0.058165
0.001606
0.043828
0.021369
0.056038
0.016916
0.000264
0.026554
0.009829
0.019241
0.003782
0.007728
0.009066
0.005797
0.003143
0.014652
0.036973
0.018535
0.000663
0.015394
0.000689
0.004100
0.035690
0.007758
0.009029
0.005372
0.001240
0.003109
0.007807
0.020677
0.054742
0.020077
0.015731
0.006380
0.018824
0.004338
0.015110
0.011544
0.029139
0.017310
0.013999
0.025329
0.007485
0.000808
0.005103
0.010695
0.033427
0.012045
0.008468
0.048394
0.006301
0.009504
0.032282
0.008252
0.026287
0.007337
0.003458
0.002097
0.002503
0.030235
0.021115
0.036194
0.001127
0.020899
0.012932
0.056364
0.004994
0.035682
0.000032
0.008662
0.004064
0.035736
0.008217
0.012072
0.020250
0.022412
0.005371
0.004940
0.003122
0.034805
0.028885
0.036099
0.016648
0.024785
0.017058
0.087209
0.083146
0.024191
0.007655
0.017262
0.017064
0.003661
0.022798
0.003962
0.009964
0.039827
0.016399
0.016121
0.004700
0.003130
0.050840
0.011272
0.048172
0.015576
0.001419
0.008926
0.017732
0.005771
0.001934
0.004521
0.009684
0.012744
0.007650
0.016383
0.012420
0.020944
0.021648
0.001189
0.004781
0.029738
0.025759
0.007531
0.006002
0.021087
0.016616
0.011505
0.011967
0.023317
0.000562
0.029579
0.012513
0.029052
0.023074
0.000589
0.000637
0.048230
0.005073
0.002259
0.015290
0.007177
0.043571
0.015333
0.004981
0.009175
0.004746
0.038301
0.004460
0.011112
0.007772
0.019810
0.046838
0.019721
0.019393
0.000339
0.007468
0.030459
0.037661
0.070384
0.001552
0.022073
0.010506
0.008287
0.005215
0.002497
0.019102
0.056107
0.062401
0.005187
0.027861
0.011854
0.009917
0.003628
0.005336
0.052129
0.021175
0.017999
0.018185
0.003705
0.013180
0.010004
0.054645
0.063254
0.006386
0.000726
0.019398
0.013621
0.006846
0.004167
0.011290
0.047206
0.011484
0.012078
0.024955
0.002985
0.006093
0.007805
0.015016
0.005276
0.014018
0.056667
0.037425
0.090925
0.005189
0.006770
0.019540
0.003211
0.002717
0.009514
0.003500
0.011336
0.003882
0.000991
0.018925
0.007811
0.007694
0.059974
0.025142
0.029617
0.002535
0.018620
0.018864
0.002999
0.004053
0.034259
0.006305
0.003492
0.011527
0.010629
0.004650
0.007039
0.043904
0.005462
0.015104
0.030045
0.032497
0.013883
0.003341
0.002888
0.009363
0.001361
0.042902
0.026617
0.011712
0.066460
0.020394
0.004932
0.010731
0.014338
0.006463
0.056357
0.001717
0.070288
0.001420
0.019909
0.005653
0.021880
0.029309
0.015203
0.004767
0.008428
0.003119
0.021017
0.020314
0.045439
0.025852
0.066318
0.001588
0.026304
0.029038
0.007385
0.017334
0.002016
0.004195
0.006300
0.045291
0.040179
0.004725
0.004714
0.007634
0.000126
0.000871
0.004467
0.036963
0.005600
0.000598
0.014947
0.101764
0.086391
0.007604
0.015236
0.007809
0.000910
0.004991
0.066490
0.024803
0.020013
0.007841
0.003205
0.039518
0.036473
0.005178
0.025583
0.006562
0.001616
0.035612
0.030421
0.012291
0.022647
0.020205
0.017419
0.003198
0.026418
0.002359
0.048689
0.012619
0.017652
0.005600
0.001410
0.002429
0.001508
0.008830
0.015118
0.054318
0.046875
0.023714
0.072215
0.010617
0.028391
0.004788
0.027371
0.011050
0.027674
0.018587
0.034077
0.008863
0.024537
0.091453
0.009781
0.012994
0.008009
0.017081
0.011640
0.009709
0.005933
0.124260
0.058764
0.059637
0.006492
0.004253
0.016854
0.024540
0.000962
0.026122
0.000963
0.015174
0.038166
0.005013
0.016840
0.011027
0.007897
0.001344
0.007683
0.005906
0.007255
0.010305
0.019915
0.002507
0.039809
0.022025
0.000133
0.020840
0.055909
0.041668
0.013065
0.054993
0.003693
0.015257
0.024522
0.019608
0.022404
0.031127
0.002923
0.006298
0.008734
0.020865
0.021463
0.001064
0.004552
0.029700
0.033157
0.033396
0.014270
0.023789
0.014010
0.022424
0.011459
0.012095
0.025625
0.004159
0.013129
0.004869
0.036120
0.001338
0.025250
0.009008
0.004712
0.000683
0.004794
0.000506
0.002830
0.017174
0.007609
0.017916
0.022197
0.018864
0.015819
0.023835
0.000120
0.023702
0.014469
0.028211
0.034002
0.000538
0.019986
0.020729
0.002422
0.024206
0.005489
0.000180
0.029011
0.018524
0.021868
0.012669
0.026805
0.003053
0.001377
0.001525
0.033701
0.021679
0.006245
0.000587
0.019697
0.017855
0.034517
0.014265
0.018627
0.087142
0.003213
0.036321
0.012221
0.003596
0.026165
0.052803
0.040574
0.035726
0.002948
0.004755
0.000668
0.004306
0.045665
0.022891
0.016389
0.031556
0.019761
0.016589
0.020753
0.025317
0.010536
0.047565
0.020742
0.024347
0.008040
0.015417
0.004858
0.007761
0.074332
0.015332
0.005785
0.056844
0.007519
0.010103
0.014216
0.011083
0.043845
0.010102
0.008674
0.012345
0.015672
0.001238
0.006817
0.005367
0.026649
0.007018
0.001081
0.014599
0.024773
0.014547
0.019587
0.000736
0.010167
0.003184
0.003802
0.022555
0.014737
0.070073
0.069631
0.031901
0.016116
0.004912
0.016860
0.012409
0.016116
0.002169
0.012427
0.046971
0.003299
0.023293
0.031386
0.012406
0.017129
0.005245
0.001714
0.007745
0.005144
0.009692
0.005747
0.060791
0.009561
0.025722
0.041168
0.018528
0.027564
0.072881
0.018860
0.077450
0.002287
0.000455
0.002321
0.012341
0.034426
0.023470
0.024152
0.049184
0.018213
0.000404
0.016878
0.006226
0.032249
0.022990
0.036430
0.029537
0.000995
0.003952
0.021020
0.019684
0.050961
0.028658
0.008954
0.017608
0.009975
0.071632
0.023251
0.004234
0.007797
0.060764
0.025668
0.019465
0.010780
0.032262
0.114790
0.017975
0.023113
0.020862
0.042850
0.000027
0.052326
0.017874
0.005065
0.043944
0.006644
0.020204
0.006000
0.023959
0.037511
0.023103
0.011950
0.011638
0.014624
0.002258
0.022923
0.009134
0.068245
0.035531
0.015145
0.035306
0.011977
0.000826
0.005963
0.005183
0.000045
0.036139
0.001875
0.042212
0.013381
0.000161
0.012321
0.030403
0.012583
0.023798
0.047660
0.027415
0.002797
0.004203
0.059975
0.029451
0.054150
0.067964
0.000289
0.007746
0.040520
0.020343
0.020668
0.015991
0.010900
0.012669
0.079270
0.013414
0.003222
0.014927
0.016871
0.018567
0.010865
0.088525
0.000096
0.002259
0.018841
0.028057
0.060450
0.029519
0.020101
0.014842
0.006063
0.025961
0.000206
0.007797
0.051090
0.015209
0.004890
0.014759
0.001137
0.053808
0.046460
0.000156
0.032001
0.032919
0.007818
0.003908
0.022731
0.013759
0.030770
0.003422
0.026713
0.000980
0.012645
0.012146
0.011372
0.011074
0.016815
0.014783
0.056789
0.031889
0.007747
0.021552
0.001063
0.004222
0.023356
0.011972
0.007920
0.059631
0.020381
0.007968
0.002468
0.019039
0.023299
0.014482
0.033771
0.003638
0.015275
0.026277
0.013648
0.001161
0.007157
0.004872
0.071689
0.002790
0.000503
0.047761
0.006359
0.010690
0.000388
0.004915
0.004038
0.001826
0.032278
0.001687
0.002840
0.001341
0.003159
0.006931
0.011532
0.071064
0.025829
0.021616
0.009057
0.003058
0.011855
0.002346
0.013716
0.000516
0.013541
0.033438
0.008758
0.026738
0.004293
0.009726
0.016600
0.040939
0.018736
0.007259
0.012301
0.140963
0.066641
0.084777
0.015049
0.004538
0.007732
0.001851
0.014429
0.008609
0.009241
0.000502
0.021051
0.030154
0.022557
0.005027
0.028828
0.016970
0.013541
0.024975
0.029825
0.001199
0.031808
0.011106
0.007754
0.000340
0.001453
0.006307
0.000727
0.020895
0.021342
0.000724
0.002626
0.010959
0.012125
0.039942
0.000203
0.003020
0.029531
0.019155
0.008692
0.012462
0.016288
0.002780
0.013397
0.075514
0.007136
0.001044
0.012669
0.011266
0.009266
0.024732
0.023845
0.024767
0.049803
0.095358
0.044830
0.050693
0.063713
0.031159
0.047339
0.032152
0.003281
0.031993
0.011716
0.007395
0.009566
0.014854
0.022115
0.005113
0.004489
0.000438
0.043140
0.003846
0.000401
0.011863
0.017815
0.001447
0.006546
0.015952
0.029044
0.016241
0.009442
0.003465
0.011735
0.005906
0.011096
0.005394
0.012721
0.023017
0.031787
0.014831
0.051768
0.023668
0.038132
0.027907
0.002166
0.000077
0.017025
0.014225
0.033164
0.004210
0.026300
0.023456
0.013159
0.017717
0.002729
0.007475
0.026208
0.015497
0.017521
0.016727
0.001644
0.004432
0.013273
0.002990
0.007642
0.021458
0.001543
0.008346
0.010872
0.009977
0.013934
0.010836
0.048102
0.017248
0.006676
0.009506
0.022253
0.016974
0.007467
0.018324
0.029161
0.024846
0.008355
0.076047
0.021815
0.005985
0.011731
0.007603
0.032663
0.057554
0.006994
0.006315
0.047441
0.037322
0.011471
0.002896
0.026455
0.005246
0.020988
0.034879
0.000271
0.013185
0.041377
0.030861
0.034027
0.027333
0.001436
0.015218
0.020473
0.087486
0.072937
0.077625
0.020197
0.012730
0.010563
0.003201
0.001528
0.001218
0.021207
0.012602
0.035573
0.023174
0.016924
0.004541
0.057901
0.030006
0.004096
0.000107
0.006134
0.017980
0.003940
0.017350
0.045787
0.001133
0.002949
0.007940
0.026838
0.011685
0.053193
0.036364
0.011555
0.008600
0.006518
0.003165
0.005509
0.002613
0.012965
0.032134
0.010754
0.005323
0.015690
0.003645
0.067539
0.054148
0.027076
0.006864
0.068071
0.001832
0.030286
0.001685
0.016397
0.006771
0.017590
0.044660
0.055626
0.014216
0.019669
0.002439
0.043573
0.032705
0.027836
0.031506
0.049812
0.005846
0.005197
0.000905
0.002282
0.005737
0.014980
0.011538
0.019026
0.011670
0.000985
0.003150
0.011805
0.009845
0.005513
0.037289
0.041361
0.016238
0.011898
0.017883
0.011801
0.006154
0.012518
0.009790
0.001255
0.025625
0.039703
0.020899
0.016994
0.007214
0.015627
0.013826
0.000925
0.017878
0.005260
0.056093
0.013215
0.012413
0.008417
0.032420
0.021787
0.024258
0.003688
0.015211
0.024198
0.008274
0.018566
0.015573
0.025125
0.008370
0.014088
0.050720
0.024508
0.026627
0.032440
0.002400
0.007539
0.043681
0.011044
0.014952
0.006621
0.035828
0.010876
0.070502
0.046331
0.022692
0.066178
0.013992
0.010006
0.026670
0.034126
0.004362
0.023576
0.010353
0.002278
0.040237
0.005818
0.020290
0.015703
0.011634
0.021317
0.047521
0.010421
0.005977
0.031281
0.010061
0.004082
0.011199
0.051589
0.016438
0.001448
0.004429
0.016842
0.020326
0.019439
0.048419
0.026255
0.009392
0.010730
0.031261
0.057307
0.010569
0.000095
0.003519
0.070030
0.007338
0.003139
0.000375
0.025316
0.005540
0.039877
0.079241
0.111817
0.054409
0.025264
0.008318
0.000585
0.028566
0.004138
0.003331
0.004181
0.025126
0.018604
0.002800
0.003863
0.038410
0.015076
0.012217
0.044980
0.044881
0.027900
0.004659
0.008547
0.004601
0.000379
0.003554
0.035967
0.015616
0.023697
0.004808
0.046077
0.011399
0.013211
0.053076
0.002164
0.003983
0.003442
0.006399
0.004809
0.027043
0.014808
0.009940
0.015614
0.022196
0.001649
0.006139
0.046095
0.072973
0.020167
0.017588
0.036745
0.096551
0.034609
0.014666
0.000238
0.004495
0.003267
0.000890
0.035255
0.020301
0.007937
0.002608
0.021739
0.053826
0.012982
0.013225
0.014903
0.025551
0.000826
0.014668
0.010179
0.002499
0.001491
0.023561
0.017044
0.003080
0.015091
0.055760
0.024868
0.037441
0.023962
0.025624
0.015030
0.013305
0.005389
0.052169
0.009206
0.040554
0.032963
0.000062
0.016744
0.013087
0.023152
0.000709
0.001414
0.028792
0.000881
0.004940
0.067267
0.005228
0.001544
0.063497
0.018541
0.001270
0.026873
0.066240
0.081768
0.062184
0.005657
0.034922
0.024414
0.027629
0.001580
0.015619
0.020086
0.037619
0.006379
0.055373
0.001971
0.001441
0.014997
0.018668
0.033901
0.008162
0.017263
0.007856
0.004761
0.009980
0.011541
0.000932
0.003545
0.017010
0.000429
0.029298
0.014165
0.001425
0.021771
0.011382
0.015342
0.005742
0.015731
0.007883
0.002021
0.007327
0.000319
0.004315
0.001483
0.017936
0.000014
0.012446
0.041839
0.000001
0.074009
0.027783
0.011737
0.035979
0.053152
0.072148
0.009859
0.019194
0.008451
0.005709
0.001088
0.081253
0.010107
0.017751
0.015641
0.007630
0.001321
0.031249
0.005331
0.004079
0.057119
0.060467
0.002926
0.013876
0.009350
0.020268
0.010726
0.021257
0.003127
0.033817
0.018561
0.005573
0.043376
0.001907
0.012345
0.000300
0.027981
0.012934
0.005164
0.019919
0.025130
0.014971
0.020468
0.000825
0.006685
0.009797
0.025800
0.033001
0.005410
0.001189
0.002477
0.003940
0.000448
0.011098
0.011519
0.025375
0.000855
0.006492
0.033196
0.005606
0.018785
0.020428
0.006552
0.031176
0.004446
0.078124
0.000287
0.005024
0.005858
0.012974
0.016429
0.000250
0.035386
0.061608
0.008023
0.005333
0.002487
0.014046
0.000745
0.013356
0.022424
0.017586
0.009009
0.032523
0.013565
0.021618
0.012249
0.004599
0.001259
0.035030
0.009597
0.006658
0.011171
0.000090
0.000137
0.000015
0.052906
0.018740
0.007354
0.005941
0.023730
0.037530
0.025259
0.020261
0.006987
0.050745
0.031071
0.011460
0.011814
0.022414
0.076639
0.019291
0.107249
0.004619
0.000461
0.000889
0.006089
0.005198
0.061923
0.032835
0.077404
0.026039
0.025742
0.016066
0.011066
0.006114
0.000132
0.015094
0.005214
0.012805
0.028837
0.005794
0.014586
0.035903
0.005667
0.043253
0.001144
0.005738
0.000847
0.044059
0.000461
0.000306
0.039878
0.002633
0.038341
0.000793
0.010492
0.003949
0.006573
0.001275
0.025758
0.040010
0.016286
0.015015
0.001761
0.017073
0.027788
0.005822
0.020175
0.015101
0.009460
0.009901
0.043632
0.024796
0.006171
0.001823
0.000805
0.010334
0.003165
0.002649
0.009521
0.004176
0.018510
0.062409
0.003171
0.005619
0.003136
0.017327
0.004848
0.057387
0.014054
0.029640
0.017285
0.010227
0.012006
0.001138
0.002293
0.003285
0.049828
0.002715
0.011140
0.011945
0.030492
0.011632
0.006900
0.015511
0.017590
0.016995
0.011114
0.006410
0.028634
0.001822
0.014067
0.007407
0.004647
0.009254
0.008451
0.021347
0.031842
0.029766
0.012746
0.010063
0.019667
0.003381
0.003247
0.012044
0.009900
0.004283
0.014824
0.010848
0.024426
0.010292
0.084501
0.003024
0.088481
0.063932
0.062617
0.000315
0.007124
0.025244
0.017078
0.051429
0.005364
0.002073
0.004637
0.019276
0.039860
0.013631
0.011901
0.010281
0.054880
0.041958
0.034786
0.000465
0.015931
0.004256
0.001579
0.020591
0.005752
0.017224
0.004856
0.068683
0.030391
0.000726
0.000464
0.030918
0.018064
0.005977
0.002491
0.025361
0.007340
0.006213
0.028822
0.003574
0.085152
0.009049
0.009154
0.039673
0.031091
0.054507
0.009587
0.041802
0.026942
0.014778
0.010170
0.017879
0.048615
0.000632
0.040294
0.098620
0.042616
0.005089
0.002764
0.022105
0.046336
0.006045
0.010181
0.000668
0.011470
0.010278
0.010295
0.025642
0.021132
0.008257
0.001230
0.003949
0.015711
0.022171
0.001193
0.002994
0.007525
0.019970
0.059734
0.008776
0.017293
0.027714
0.004638
0.009004
0.007146
0.003449
0.000395
0.034237
0.034118
0.012432
0.008745
0.040367
0.058737
0.029687
0.020963
0.030647
0.014501
0.005367
0.028090
0.002163
0.014559
0.011837
0.059141
0.014848
0.020368
0.001140
0.009942
0.050153
0.042232
0.088679
0.044448
0.013573
0.050439
0.047078
0.035125
0.036079
0.012176
0.024467
0.001573
0.053277
0.048619
0.001540
0.003165
0.004715
0.052143
0.018830
0.008301
0.011384
0.013651
0.000236
0.010940
0.014168
0.004407
0.012972
0.002169
0.003673
0.001655
0.045831
0.023715
0.001694
0.001494
0.021719
0.010186
0.008119
0.007944
0.046401
0.009457
0.002733
0.005709
0.008213
0.027532
0.009287
0.020758
0.002847
0.034052
0.015680
0.104642
0.004291
0.005569
0.022894
0.046881
0.003619
0.030121
0.004530
0.002078
0.023019
0.012011
0.009536
0.027805
0.001062
0.009329
0.035548
0.016250
0.033654
0.029954
0.006348
0.015232
0.026337
0.014205
0.009713
0.019999
0.006722
0.046862
0.022985
0.015609
0.003261
0.041256
0.042980
0.009504
0.006644
0.004674
0.019544
0.042657
0.015873
0.008167
0.084492
0.027708
0.025500
0.009515
0.041797
0.028621
0.020682
0.065885
0.032856
0.025782
0.045707
0.011877
0.017343
0.009722
0.000105
0.009944
0.009881
0.026865
0.041023
0.012518
0.050960
0.004998
0.000014
0.045372
0.011342
0.013987
0.001465
0.025174
0.025973
0.036505
0.009805
0.024831
0.025657
0.039015
0.015131
0.004296
0.024070
0.006666
0.006702
0.002305
0.139168
0.109235
0.146679
0.110455
0.057042
0.036515
0.011185
0.024607
0.004879
0.031296
0.001350
0.015306
0.001387
0.010415
0.044848
0.034500
0.016658
0.000545
0.001474
0.010328
0.036183
0.007399
0.005908
0.022320
0.025566
0.007084
0.016341
0.016803
0.007359
0.018840
0.040450
0.017892
0.024732
0.038349
0.019300
0.000415
0.008616
0.000069
0.024202
0.006818
0.007141
0.003316
0.002654
0.007750
0.034592
0.000175
0.012864
0.040426
0.035445
0.002831
0.004477
0.000254
0.003729
0.058765
0.058157
0.002341
0.018484
0.022529
0.019999
0.020681
0.013420
0.004615
0.024089
0.008820
0.026244
0.002981
0.002336
0.009122
0.005482
0.001220
0.002127
0.001491
0.012947
0.006604
0.006816
0.003321
0.005167
0.079122
0.026410
0.020125
0.003179
0.000531
0.027814
0.008911
0.007254
0.014145
0.006521
0.000112
0.009811
0.009006
0.018668
0.008221
0.011814
0.017933
0.012794
0.010727
0.003518
0.002364
0.003649
0.100440
0.037326
0.017763
0.006011
0.002287
0.069082
0.032199
0.002897
0.012607
0.019447
0.012096
0.000977
0.000836
0.030931
0.011113
0.010202
0.013073
0.008564
0.054179
0.040673
0.012747
0.012137
0.008111
0.006404
0.041762
0.026429
0.013287
0.005444
0.058249
0.014521
0.005031
0.003498
0.045193
0.014246
0.009685
0.000716
0.017773
0.007432
0.011703
0.001515
0.043023
0.025771
0.024114
0.002561
0.005908
0.012001
0.009768
0.003957
0.013005
0.006347
0.004971
0.032209
0.033131
0.017104
0.002650
0.010334
0.008156
0.007007
0.022889
0.010421
0.004730
0.013498
0.001373
0.032582
0.006764
0.009900
0.025275
0.026458
0.040220
0.013173
0.001631
0.069097
0.001999
0.033927
0.030990
0.001965
0.021553
0.004095
0.000818
0.013029
0.017775
0.003580
0.014877
0.023831
0.004904
0.045444
0.046043
0.006375
0.013251
0.011170
0.002840
0.032086
0.019643
0.014037
0.007454
0.005061
0.012128
0.024546
0.001962
0.000833
0.008723
0.033683
0.020457
0.012370
0.049852
0.005300
0.002205
0.011545
0.026400
0.009647
0.018395
0.002721
0.004223
0.098735
0.003363
0.000530
0.022512
0.008921
0.007157
0.013640
0.005351
0.035765
0.039394
0.017690
0.027405
0.002419
0.033192
0.040660
0.036342
0.003490
0.007402
0.010521
0.019486
0.000322
0.006883
0.021611
0.007854
0.044564
0.008723
0.001356
0.001663
0.040325
0.014361
0.005656
0.026797
0.004662
0.012645
0.060755
0.008564
0.015010
0.000159
0.002249
0.017226
0.008575
0.001849
0.008160
0.005181
0.006224
0.014034
0.018220
0.094684
0.009231
0.009052
0.030760
0.009486
0.002707
0.005322
0.005983
0.010233
0.001287
0.018664
0.003634
0.009576
0.031457
0.006339
0.009988
0.043053
0.024475
0.000950
0.001971
0.003142
0.000528
0.029001
0.011685
0.007811
0.019112
0.002198
0.068982
0.036493
0.008575
0.012786
0.020710
0.015846
0.007132
0.008399
0.011134
0.003464
0.018998
0.034411
0.007270
0.008754
0.008114
0.026630
0.009370
0.014766
0.024973
0.013768
0.013204
0.008375
0.018296
0.013030
0.009800
0.053804
0.004517
0.015680
0.007262
0.034241
0.018110
0.008176
0.028684
0.013970
0.002122
0.050325
0.018553
0.009036
0.019806
0.012154
0.153425
0.004789
0.008042
0.015731
0.005944
0.014297
0.026576
0.026267
0.023306
0.012790
0.015953
0.094573
0.068468
0.000080
0.017717
0.018039
0.004514
0.025150
0.013187
0.009344
0.032095
0.002486
0.075405
0.009050
0.011326
0.006176
0.017907
0.003401
0.012107
0.008336
0.040084
0.001346
0.012650
0.007045
0.012084
0.000636
0.053906
0.008327
0.020238
0.025127
0.018254
0.007989
0.018142
0.017253
0.000698
0.032838
0.018290
0.006812
0.004983
0.020659
0.044129
0.006895
0.011720
0.040636
0.002838
0.040399
0.000728
0.006325
0.008662
0.019569
0.011036
0.015055
0.005657
0.017615
0.006991
0.009514
0.016802
0.007061
0.014287
0.010634
0.004531
0.059300
0.012684
0.007420
0.014890
0.008080
0.003701
0.051179
0.124902
0.021392
0.014987
0.078655
0.068950
0.040814
0.002775
0.063199
0.010836
0.020675
0.065923
0.002349
0.004944
0.055621
0.017791
0.002738
0.007164
0.021488
0.005067
0.006589
0.019753
0.005202
0.017526
0.008442
0.007361
0.003499
0.031264
0.010824
0.000146
0.008969
0.020501
0.015956
0.011652
0.018652
0.018293
0.001440
0.036333
0.011770
0.001919
0.009740
0.008041
0.020650
0.000974
0.007122
0.010721
0.027827
0.024423
0.010115
0.059098
0.000066
0.010071
0.011285
0.072352
0.032256
0.002174
0.006234
0.001499
0.024076
0.054913
0.003874
0.017465
0.057258
0.049932
0.001990
0.001980
0.022525
0.006328
0.002135
0.009707
0.010173
0.069030
0.058188
0.030217
0.053314
0.009475
0.006345
0.016609
0.053602
0.043344
0.020710
0.011650
0.010237
0.008610
0.010592
0.007699
0.031689
0.008473
0.035653
0.034245
0.009115
0.027280
0.002811
0.056676
0.011514
0.003906
0.000209
0.009116
0.004206
0.026205
0.023059
0.012215
0.013495
0.028248
0.001147
0.008656
0.021301
0.001910
0.009667
0.020891
0.009926
0.010562
0.041709
0.012488
0.041884
0.089521
0.048977
0.018798
0.011482
0.001133
0.005350
0.059374
0.049051
0.013352
0.012614
0.017850
0.009815
0.049650
0.047124
0.003157
0.020629
0.017424
0.018922
0.008813
0.014673
0.040729
0.030810
0.022350
0.003803
0.035576
0.011159
0.000858
0.005396
0.001824
0.007121
0.001106
0.013545
0.015526
0.026543
0.012448
0.002039
0.005875
0.021702
0.022246
0.000069
0.029447
0.023181
0.002706
0.010809
0.010086
0.015468
0.018766
0.025816
0.030514
0.024748
0.009261
0.010424
0.001086
0.013666
0.004906
0.042184
0.001205
0.007652
0.011059
0.001000
0.068016
0.041639
0.016568
0.012968
0.024181
0.037221
0.013793
0.005049
0.010741
0.012761
0.000818
0.033544
0.017483
0.002970
0.010838
0.007028
0.051070
0.030419
0.009769
0.004683
0.021597
0.002235
0.014462
0.004371
0.010354
0.021097
0.005119
0.008651
0.001328
0.001942
0.069699
0.066415
0.051711
0.015285
0.035407
0.003900
0.013022
0.007011
0.008880
0.011600
0.008931
0.002609
0.009051
0.002502
0.007157
0.028266
0.032111
0.012334
0.003035
0.018769
0.011070
0.089489
0.057747
0.030109
0.000222
0.001094
0.012725
0.010816
0.004281
0.006494
0.047727
0.043616
0.002469
0.018649
0.020524
0.007494
0.145750
0.000910
0.006372
0.006615
0.004088
0.000418
0.006487
0.003728
0.011532
0.002633
0.020687
0.032708
0.055288
0.013158
0.001951
0.003350
0.001822
0.001743
0.022777
0.010014
0.009113
0.005863
0.002898
0.011295
0.010315
0.012084
0.000919
0.000551
0.025746
0.004405
0.015014
0.010232
0.016044
0.020858
0.036983
0.002724
0.001456
0.005068
0.025780
0.008127
0.009487
0.004719
0.027821
0.019014
0.016713
0.013221
0.004098
0.019132
0.001298
0.020573
0.009175
0.007706
0.004884
0.005099
0.019001
0.012556
0.007834
0.035492
0.005515
0.042085
0.001452
0.010013
0.030751
0.002369
0.012038
0.027573
0.008527
0.005909
0.007865
0.018517
0.021708
0.012131
0.022329
0.042414
0.002463
0.021790
0.000149
0.040496
0.004874
0.010217
0.011625
0.107819
0.021151
0.001421
0.038641
0.016059
0.017257
0.010888
0.005099
0.012145
0.023796
0.000542
0.024004
0.001243
0.044295
0.036139
0.070872
0.003868
0.007344
0.005846
0.022516
0.028813
0.010472
0.013463
0.004859
0.027860
0.016640
0.016005
0.003883
0.029922
0.011855
0.017671
0.085829
0.012701
0.006122
0.005516
0.000518
0.040185
0.000831
0.007511
0.016475
0.011645
0.088844
0.001932
0.020635
0.002289
0.022747
0.003619
0.025629
0.041064
0.018917
0.032299
0.030654
0.053040
0.020722
0.014672
0.005279
0.017286
0.009738
0.000370
0.012628
0.026378
0.002545
0.074764
0.039092
0.021022
0.006195
0.018912
0.006167
0.070544
0.008066
0.006764
0.021312
0.008111
0.000095
0.040907
0.005890
0.019200
0.010208
0.026946
0.030441
0.061961
0.015837
0.014616
0.017425
0.011374
0.012146
0.028018
0.007100
0.005468
0.003977
0.039417
0.014925
0.009445
0.011058
0.002336
0.023183
0.004111
0.031219
0.001798
0.005832
0.028333
0.024589
0.018639
0.007603
0.007876
0.001220
0.006847
0.005748
0.034201
0.026067
0.010005
0.015299
0.018712
0.028119
0.081286
0.055410
0.030641
0.006587
0.014737
0.017305
0.024257
0.052444
0.002324
0.005528
0.012363
0.017222
0.007057
0.004320
0.034592
0.004184
0.018869
0.000055
0.007504
0.053952
0.023657
0.026213
0.015275
0.034854
0.030885
0.026677
0.000656
0.009444
0.001073
0.029214
0.004859
0.006083
0.017783
0.003782
0.017137
0.055025
0.045853
0.007075
0.002799
0.000246
0.034237
0.044577
0.043666
0.005543
0.010174
0.004445
0.013389
0.010701
0.009221
0.039932
0.030167
0.038704
0.000923
0.011061
0.004973
0.009574
0.006801
0.005032
0.021552
0.072485
0.025642
0.019899
0.004742
0.011914
0.031251
0.000917
0.015742
0.018386
0.019436
0.005550
0.025537
0.003209
0.005769
0.003587
0.020802
0.011262
0.021806
0.001284
0.004887
0.028326
0.003665
0.020378
0.012352
0.052617
0.006934
0.009597
0.018477
0.003250
0.007541
0.015189
0.008192
0.002778
0.019906
0.021419
0.004339
0.002517
0.043518
0.006155
0.002049
0.042382
0.005846
0.015101
0.044810
0.009574
0.025677
0.002026
0.047369
0.017121
0.006993
0.012709
0.003146
0.013470
0.021477
0.012529
0.029866
0.015025
0.005499
0.045499
0.041670
0.049329
0.040209
0.018727
0.026022
0.002044
0.001639
0.028023
0.042085
0.009425
0.007455
0.010266
0.016381
0.023035
0.000142
0.022697
0.002647
0.012638
0.000296
0.002256
0.046803
0.037843
0.020058
0.016175
0.015601
0.004078
0.002051
0.038288
0.006317
0.041639
0.019102
0.020631
0.071841
0.040386
0.012861
0.000452
0.022353
0.057260
0.000907
0.004608
0.002504
0.029952
0.020056
0.027521
0.023590
0.008849
0.032793
0.002181
0.000682
0.000653
0.040755
0.038239
0.018268
0.006039
0.004429
0.029467
0.036905
0.000758
0.013424
0.022724
0.018208
0.010052
0.044789
0.024295
0.023023
0.016312
0.033363
0.027520
0.002851
0.051486
0.008011
0.020541
0.038006
0.021526
0.016247
0.009604
0.004158
0.017129
0.010079
0.010511
0.008653
0.008512
0.038198
0.053017
0.033133
0.013288
0.016718
0.070803
0.015918
0.018772
0.019959
0.005291
0.016919
0.008179
0.028713
0.014017
0.002209
0.054575
0.021084
0.014499
0.003327
0.002922
0.009822
0.002928
0.004452
0.064527
0.045848
0.027419
0.009309
0.010975
0.002876
0.039804
0.000000
0.001812
0.015046
0.012078
0.041837
0.001812
0.014222
0.008198
0.008121
0.049370
0.010084
0.002877
0.002469
0.011731
0.021149
0.039545
0.026180
0.006291
0.051841
0.001241
0.060081
0.009779
0.011122
0.001233
0.008746
0.020166
0.017333
0.022491
0.013854
0.008188
0.003813
0.049981
0.049917
0.004465
0.044025
0.013912
0.000046
0.007279
0.043169
0.013481
0.070823
0.005795
0.030141
0.009812
0.005546
0.039785
0.073227
0.065484
0.062124
0.181155
0.134192
0.011553
0.036596
0.015990
0.009369
0.004258
0.022078
0.007270
0.023461
0.009379
0.054971
0.003043
0.009087
0.008409
0.025768
0.001712
0.000519
0.009086
0.000947
0.036323
0.021757
0.010239
0.008234
0.008207
0.051129
0.010486
0.003225
0.002101
0.004646
0.008462
0.004302
0.066698
0.086907
0.004269
0.006859
0.000122
0.006611
0.023712
0.018871
0.008254
0.010818
0.010582
0.019713
0.000498
0.007336
0.022615
0.006490
0.011654
0.002965
0.024383
0.000836
0.024836
0.000021
0.010274
0.013432
0.006111
0.001501
0.065338
0.002495
0.000481
0.000696
0.088925
0.018263
0.030517
0.004891
0.003195
0.039920
0.038706
0.007690
0.002707
0.029383
0.009073
0.001833
0.027023
0.024983
0.015181
0.023404
0.002515
0.007930
0.011251
0.017601
0.017151
0.002483
0.008608
0.001740
0.004971
0.017139
0.012940
0.017597
0.003563
0.016095
0.042486
0.031761
0.003500
0.003799
0.015939
0.028629
0.015113
0.006209
0.024181
0.031396
0.008482
0.039514
0.006962
0.002469
0.023666
0.003844
0.021107
0.009051
0.004849
0.050287
0.014774
0.003599
0.010219
0.015132
0.014883
0.006989
0.055340
0.042449
0.035373
0.000545
0.015117
0.000991
0.008015
0.018073
0.016495
0.056595
0.011481
0.003819
0.000174
0.007638
0.000465
0.003066
0.021551
0.025102
0.006350
0.001862
0.090900
0.036234
0.023167
0.006489
0.009091
0.021202
0.017695
0.017110
0.078818
0.023737
0.010699
0.003172
0.000635
0.030928
0.014549
0.067598
0.023649
0.025161
0.009202
0.006580
0.006542
0.002160
0.000223
0.001926
0.012221
0.081998
0.018827
0.044322
0.025812
0.011734
0.006208
0.022647
0.002578
0.024681
0.008083
0.013994
0.000116
0.007380
0.041137
0.009903
0.011884
0.002599
0.015749
0.005126
0.007651
0.036962
0.016378
0.004037
0.027755
0.041332
0.037710
0.043429
0.025161
0.063703
0.024509
0.006955
0.008094
0.007224
0.027646
0.026240
0.016633
0.026556
0.005647
0.026523
0.004233
0.010038
0.020731
0.006385
0.024160
0.026075
0.098417
0.004863
0.010024
0.010537
0.036865
0.036399
0.001275
0.023182
0.020129
0.015907
0.013636
0.061102
0.002705
0.003166
0.024335
0.059716
0.004802
0.024576
0.008029
0.014094
0.000729
0.012757
0.017649
0.004753
0.038214
0.026093
0.001876
0.019063
0.002119
0.046331
0.014213
0.055618
0.001661
0.000134
0.025414
0.002460
0.003265
0.004215
0.032546
0.002609
0.008970
0.002158
0.005257
0.012572
0.024705
0.000045
0.011081
0.019466
0.016185
0.009409
0.016298
0.052046
0.010071
0.001012
0.016858
0.001464
0.002650
0.002287
0.013290
0.006348
0.012568
0.037507
0.030505
0.000803
0.000710
0.035365
0.033475
0.044332
0.011191
0.050961
0.015949
0.014068
0.000599
0.052412
0.008005
0.018965
0.022239
0.011207
0.011503
0.023216
0.002822
0.011732
0.004792
0.142855
0.082617
0.025081
0.009375
0.012754
0.011112
0.021343
0.001137
0.005543
0.000024
0.023788
0.006407
0.006157
0.001556
0.065728
0.002056
0.042665
0.012266
0.017792
0.020046
0.010656
0.022688
0.007106
0.016683
0.022559
0.043888
0.002769
0.022597
0.060770
0.012254
0.004818
0.001028
0.006463
0.005756
0.064585
0.010867
0.047777
0.016486
0.004473
0.000438
0.005124
0.004700
0.003811
0.002254
0.000571
0.003411
0.024287
0.036502
0.018129
0.000092
0.012067
0.009882
0.012842
0.034958
0.031724
0.002124
0.001901
0.018101
0.034428
0.028080
0.007694
0.021743
0.001795
0.009251
0.013399
0.012386
0.030391
0.025215
0.004712
0.022167
0.003239
0.024435
0.052232
0.001745
0.001882
0.028105
0.029710
0.029155
0.016556
0.015859
0.006433
0.046255
0.040476
0.001435
0.012804
0.006654
0.008097
0.010242
0.008807
0.011900
0.011283
0.012721
0.041961
0.052151
0.017073
0.002840
0.012335
0.018338
0.004756
0.038379
0.013822
0.006544
0.001669
0.038522
0.011602
0.003756
0.009978
0.003016
0.003972
0.031284
0.003034
0.017563
0.006673
0.007709
0.007591
0.065418
0.033630
0.005976
0.002908
0.010080
0.009072
0.011693
0.089059
0.029375
0.031885
0.029440
0.009651
0.006543
0.003169
0.006471
0.008138
0.012670
0.028676
0.006354
0.021751
0.014338
0.000681
0.010345
0.004526
0.012382
0.064709
0.013934
0.002861
0.015949
0.003226
0.031101
0.010657
0.007291
0.000756
0.008156
0.026345
0.008307
0.008550
0.074884
0.016015
0.031675
0.010128
0.003018
0.006513
0.004348
0.017660
0.029844
0.007174
0.018611
0.001938
0.053758
0.028054
0.003393
0.000422
0.019896
0.023397
0.009606
0.120462
0.113804
0.038213
0.039790
0.013241
0.005269
0.000646
0.008016
0.027607
0.012917
0.001123
0.040848
0.029586
0.028755
0.015881
0.008854
0.002544
0.009205
0.003768
0.017838
0.000763
0.025012
0.000961
0.022008
0.021754
0.045248
0.006623
0.017016
0.043595
0.001110
0.005072
0.043466
0.006173
0.016066
0.049640
0.009923
0.002031
0.050584
0.020937
0.019196
0.030159
0.000782
0.001239
0.000302
0.013979
0.109310
0.099120
0.020308
0.013358
0.002234
0.002070
0.018178
0.028168
0.021237
0.014560
0.011406
0.040329
0.021379
0.007220
0.000444
0.006143
0.011553
0.005344
0.008379
0.050675
0.008528
0.029935
0.013056
0.034362
0.013319
0.020484
0.003408
0.000583
0.022444
0.043393
0.002795
0.024605
0.008279
0.005093
0.004901
0.005266
0.009709
0.004729
0.023359
0.005809
0.004198
0.031555
0.001527
0.003216
0.005188
0.000616
0.000554
0.040778
0.000934
0.007453
0.013985
0.004300
0.013518
0.005056
0.031022
0.024376
0.001782
0.000255
0.005918
0.002236
0.014889
0.032478
0.000291
0.022799
0.001370
0.002164
0.000379
0.002939
0.021884
0.032407
0.025763
0.001653
0.030443
0.003864
0.001802
0.001969
0.028113
0.026602
0.015638
0.016282
0.009562
0.003810
0.013799
0.011870
0.002694
0.017089
0.008933
0.043647
0.000229
0.062108
0.037409
0.038298
0.000986
0.004395
0.029304
0.037157
0.001308
0.020234
0.015866
0.002936
0.027574
0.007041
0.058894
0.050792
0.087652
0.015154
0.009606
0.010443
0.060494
0.050593
0.058022
0.007814
0.011285
0.019762
0.034987
0.004649
0.023980
0.008158
0.018824
0.018671
0.001742
0.039207
0.011454
0.036685
0.000891
0.015681
0.067216
0.064477
0.006352
0.028608
0.041275
0.006802
0.032975
0.004949
0.057273
0.019028
0.005274
0.025861
0.001583
0.069877
0.007207
0.002554
0.043879
0.026335
0.014059
0.021692
0.008766
0.001578
0.002778
0.001978
0.008571
0.006584
0.012397
0.005145
0.001933
0.010815
0.025508
0.013888
0.011439
0.004288
0.002866
0.012958
0.004551
0.017254
0.010063
0.002967
0.023768
0.002912
0.010012
0.003822
0.009462
0.023742
0.025860
0.000641
0.012555
0.018018
0.007206
0.008664
0.008193
0.030316
0.018591
0.015703
0.026119
0.010040
0.024733
0.017313
0.022128
0.004319
0.000131
0.033698
0.013154
0.013879
0.017601
0.057439
0.005556
0.060356
0.013395
0.002490
0.017634
0.014279
0.023998
0.014684
0.007498
0.025229
0.013756
0.011954
0.003222
0.023892
0.042677
0.045856
0.005225
0.005383
0.030838
0.017092
0.007568
0.018267
0.025981
0.044208
0.022394
0.000639
0.055191
0.052265
0.026421
0.003056
0.045182
0.010201
0.007462
0.004240
0.005878
0.029860
0.008371
0.127483
0.052305
0.013288
0.030950
0.005573
0.006192
0.008920
0.025601
0.012555
0.023024
0.019680
0.014735
0.010393
0.020517
0.003421
0.000550
0.021497
0.032507
0.031227
0.011642
0.012431
0.026246
0.003381
0.004776
0.037836
0.003731
0.006412
0.002282
0.001786
0.013727
0.006417
0.001529
0.038824
0.014368
0.008070
0.006479
0.000055
0.012112
0.032676
0.011101
0.005709
0.015655
0.013813
0.002503
0.011193
0.015784
0.006813
0.002852
0.012324
0.018003
0.008800
0.006934
0.037337
0.035280
0.007253
0.006789
0.053345
0.048948
0.027827
0.003706
0.007027
0.005701
0.027405
0.021127
0.017348
0.008557
0.028256
0.008909
0.005971
0.005186
0.000012
0.034668
0.004477
0.020751
0.019885
0.044412
0.010697
0.005626
0.011033
0.007728
0.000610
0.003425
0.023338
0.027281
0.004192
0.007147
0.001958
0.026440
0.019032
0.000541
0.011341
0.011503
0.021072
0.049640
0.013606
0.024766
0.027011
0.084373
0.055572
0.016985
0.032891
0.006075
0.004855
0.040442
0.005548
0.016545
0.004462
0.000158
0.000097
0.036072
0.024150
0.020464
0.012131
0.007788
0.001149
0.008520
0.019716
0.018230
0.040355
0.023879
0.008650
0.025791
0.003312
0.002134
0.002201
0.007340
0.053988
0.039988
0.001005
0.013287
0.015755
0.035465
0.084993
0.074051
0.054427
0.043040
0.041625
0.005650
0.014803
0.051099
0.023154
0.034709
0.021784
0.014603
0.001363
0.015868
0.029014
0.016926
0.012603
0.016978
0.002648
0.023319
0.021623
0.023209
0.002144
0.006066
0.021664
0.018375
0.016785
0.051163
0.006699
0.000144
0.020142
0.010219
0.017467
0.036958
0.000133
0.016739
0.000982
0.000206
0.017700
0.002355
0.015376
0.001796
0.050164
0.041755
0.004347
0.008763
0.001356
0.047385
0.002399
0.011174
0.017606
0.018152
0.007164
0.048361
0.007046
0.015633
0.016159
0.009080
0.002284
0.005338
0.011356
0.012912
0.009945
0.061342
0.020366
0.003307
0.005335
0.000592
0.065425
0.014432
0.012648
0.002396
0.007257
0.034870
0.003768
0.013234
0.009488
0.033922
0.011252
0.003882
0.001433
0.027330
0.017649
0.024583
0.036745
0.027941
0.047443
0.015555
0.001930
0.014236
0.006824
0.001030
0.016692
0.000867
0.079483
0.020284
0.003619
0.012531
0.007868
0.004688
0.000010
0.043320
0.009364
0.005510
0.123674
0.023507
0.023494
0.006983
0.006086
0.038543
0.025469
0.017833
0.000032
0.013376
0.000606
0.018220
0.010644
0.007641
0.004218
0.001594
0.021684
0.008702
0.001343
0.001719
0.044186
0.003091
0.022889
0.011636
0.010842
0.012338
0.055143
0.008338
0.018625
0.015039
0.019799
0.000035
0.040160
0.022193
0.007869
0.001969
0.017762
0.027529
0.002325
0.029254
0.028338
0.049770
0.045346
0.008613
0.000240
0.028349
0.015103
0.006957
0.042091
0.016360
0.011138
0.011510
0.024532
0.005557
0.076840
0.072020
0.027233
0.021194
0.002614
0.005939
0.011478
0.006838
0.024180
0.017211
0.001750
0.002987
0.001598
0.003502
0.006345
0.003954
0.015668
0.021685
0.020013
0.075710
0.057669
0.007818
0.001337
0.015982
0.012749
0.030857
0.009959
0.004555
0.017099
0.019558
0.013396
0.005231
0.039639
0.001709
0.018290
0.054671
0.001633
0.096169
0.022248
0.008351
0.004019
0.050868
0.038274
0.037442
0.001827
0.004000
0.007149
0.003584
0.004199
0.019280
0.000865
0.013390
0.007146
0.006789
0.142321
0.120509
0.011798
0.013373
0.000876
0.022857
0.030868
0.013515
0.032517
0.007451
0.015642
0.011110
0.017211
0.016589
0.002501
0.012370
0.027558
0.006187
0.027424
0.001604
0.016947
0.032651
0.017408
0.004447
0.034228
0.002680
0.005716
0.008909
0.044615
0.000945
0.002827
0.009482
0.002363
0.003095
0.035573
0.024552
0.001068
0.035385
0.012513
0.006420
0.008637
0.017669
0.007908
0.016474
0.010042
0.001492
0.022434
0.001130
0.001771
0.000269
0.006161
0.014827
0.026796
0.019903
0.001686
0.019651
0.002266
0.036487
0.002282
0.078991
0.032029
0.010905
0.021527
0.011482
0.020887
0.003803
0.009955
0.057755
0.014332
0.033067
0.003533
0.016577
0.066655
0.047659
0.019327
0.028471
0.023011
0.025806
0.030363
0.010536
0.006425
0.040114
0.022880
0.004089
0.082620
0.003542
0.002841
0.006682
0.014308
0.013270
0.005338
0.051051
0.046822
0.041372
0.043420
0.032757
0.007377
0.006946
0.051724
0.034725
0.018650
0.004112
0.014018
0.009126
0.016467
0.000806
0.000209
0.022086
0.018419
0.000576
0.032669
0.007713
0.017118
0.016081
0.001452
0.006258
0.000519
0.018367
0.012670
0.007680
0.017517
0.018228
0.006021
0.001253
0.049313
0.075932
0.015158
0.012120
0.039102
0.072964
0.000140
0.004997
0.007542
0.040459
0.007599
0.000837
0.006114
0.005939
0.002612
0.007997
0.045229
0.007984
0.041458
0.004888
0.008699
0.003337
0.019714
0.010626
0.026114
0.018314
0.075768
0.070648
0.066621
0.002234
0.051129
0.017091
0.003600
0.021507
0.013743
0.076466
0.005177
0.017107
0.010185
0.002794
0.001404
0.004011
0.013212
0.006669
0.005546
0.035578
0.030141
0.003091
0.024585
0.000186
0.013247
0.052518
0.024164
0.001792
0.025591
0.019215
0.003098
0.003271
0.016921
0.002416
0.009386
0.005983
0.001810
0.002425
0.043532
0.007204
0.030379
0.054512
0.011804
0.006487
0.015499
0.025609
0.001587
0.030410
0.001502
0.005553
0.034707
0.016967
0.053928
0.041138
0.034381
0.000908
0.025201
0.133425
0.127678
0.003709
0.031788
0.006224
0.008280
0.017407
0.010219
0.001946
0.026625
0.026687
0.025162
0.008565
0.000195
0.017469
0.014267
0.026071
0.008287
0.015941
0.059421
0.052877
0.000790
0.027199
0.004485
0.009587
0.012566
0.007615
0.018067
0.023254
0.023031
0.036298
0.028480
0.083946
0.047450
0.018254
0.011198
0.002115
0.017660
0.022240
0.006502
0.038738
0.001492
0.017823
0.076602
0.042337
0.014304
0.018476
0.062409
0.003306
0.006564
0.007174
0.005514
0.021137
0.027104
0.020830
0.027445
0.016660
0.001564
0.007106
0.099959
0.002970
0.047427
0.016423
0.055678
0.036803
0.018130
0.078569
0.051375
0.005131
0.006232
0.014853
0.012688
0.013894
0.012679
0.005317
0.001360
0.004381
0.018125
0.034472
0.012288
0.007267
0.017784
0.029044
0.004677
0.005379
0.013548
0.034735
0.010854
0.010718
0.008974
0.030169
0.023420
0.007960
0.004124
0.005230
0.021832
0.051509
0.010880
0.004598
0.008238
0.003656
0.038904
0.019881
0.001028
0.011487
0.005648
0.011219
0.008454
0.002687
0.014910
0.001633
0.016415
0.025432
0.004494
0.017756
0.026238
0.000351
0.008149
0.052669
0.012177
0.009800
0.005943
0.005679
0.004221
0.037596
0.008949
0.012824
0.015492
0.047984
0.033450
0.019005
0.010209
0.029829
0.027882
0.039688
0.004906
0.012054
0.027882
0.009088
0.008034
0.019296
0.024121
0.015737
0.043555
0.007060
0.027529
0.029999
0.038277
0.013697
0.011700
0.008270
0.066304
0.018633
0.000633
0.015084
0.000107
0.001572
0.010571
0.036301
0.005768
0.042482
0.116005
0.051369
0.018506
0.007878
0.010374
0.002457
0.085031
0.023348
0.014713
0.016625
0.019311
0.016052
0.021001
0.038864
0.004025
0.006730
0.001391
0.024436
0.023837
0.027616
0.003201
0.000355
0.023205
0.001535
0.001982
0.042536
0.024964
0.028841
0.010970
0.017140
0.017916
0.006921
0.007406
0.003840
0.003816
0.010990
0.000015
0.000603
0.003782
0.031008
0.004336
0.067219
0.075942
0.003024
0.000955
0.062355
0.020539
0.007941
0.000799
0.003219
0.015836
0.106719
0.047113
0.005023
0.017241
0.012718
0.015120
0.042412
0.009785
0.008975
0.018726
0.008695
0.015127
0.079825
0.016429
0.009816
0.036125
0.001857
0.025049
0.015739
0.028624
0.016913
0.014085
0.033234
0.023350
0.060140
0.018943
0.003584
0.007717
0.011533
0.024198
0.007147
0.031951
0.000829
0.003172
0.021429
0.012750
0.067909
0.037417
0.014005
0.024496
0.019612
0.007702
0.004062
0.002976
0.002672
0.012313
0.021928
0.005464
0.021038
0.025954
0.010774
0.040741
0.009391
0.009364
0.032193
0.002031
0.067841
0.007484
0.004485
0.007346
0.005660
0.006294
0.010359
0.075941
0.001789
0.022947
0.009879
0.002258
0.000158
0.000671
0.002723
0.012776
0.025554
0.000461
0.011895
0.016767
0.012765
0.001274
0.058126
0.047352
0.049018
0.006333
0.009036
0.023826
0.002270
0.036926
0.053523
0.079349
0.014341
0.003272
0.003379
0.015102
0.033358
0.000349
0.019599
0.023459
0.017071
0.007371
0.035648
0.031978
0.023370
0.001829
0.011324
0.039412
0.004103
0.006384
0.062472
0.004152
0.013596
0.006822
0.004178
0.011661
0.072205
0.024045
0.013786
0.018601
0.001894
0.050492
0.027726
0.077683
0.072246
0.006258
0.012712
0.009657
0.090696
0.049560
0.003015
0.028141
0.007291
0.055960
0.025496
0.006749
0.015010
0.016618
0.016154
0.003779
0.045907
0.034556
0.024325
0.046969
0.000530
0.010798
0.008575
0.005921
0.007529
0.015076
0.007838
0.001727
0.011823
0.000119
0.035446
0.000513
0.014490
0.069550
0.000481
0.008917
0.000637
0.031300
0.015452
0.001324
0.008861
0.019200
0.011570
0.000065
0.042532
0.007826
0.075522
0.049066
0.003574
0.013974
0.016638
0.031046
0.015867
0.003035
0.027991
0.006777
0.036058
0.009533
0.002577
0.011198
0.008140
0.021461
0.013195
0.003699
0.014670
0.019302
0.072774
0.014693
0.034945
0.027401
0.041166
0.017793
0.021431
0.016284
0.008395
0.057212
0.012282
0.006854
0.013906
0.009249
0.018848
0.006811
0.002681
0.001321
0.004535
0.021107
0.002343
0.019342
0.030024
0.000128
0.039028
0.003762
0.004737
0.023047
0.005007
0.000999
0.004494
0.031066
0.051941
0.008188
0.021864
0.055842
0.013603
0.015015
0.020877
0.015400
0.010845
0.050714
0.009238
0.028040
0.031715
0.013717
0.007276
0.005940
0.025470
0.000258
0.010107
0.008608
0.011818
0.012921
0.029076
0.005494
0.011049
0.009194
0.007420
0.012317
0.056623
0.009227
0.027588
0.002597
0.036735
0.080910
0.054195
0.007715
0.006799
0.006642
0.003236
0.015885
0.105063
0.036447
0.003401
0.006561
0.006143
0.000457
0.019413
0.005597
0.001133
0.016696
0.131294
0.023301
0.022942
0.027136
0.025005
0.032567
0.009997
0.006357
0.000274
0.013540
0.053969
0.027704
0.030577
0.009105
0.001510
0.000310
0.009807
0.006341
0.001260
0.032209
0.012179
0.017993
0.023677
0.026715
0.002194
0.034952
0.001384
0.034119
0.009014
0.026486
0.002146
0.036573
0.003488
0.006953
0.007562
0.004382
0.005982
0.027315
0.002935
0.074180
0.009920
0.022150
0.039027
0.000459
0.006239
0.012093
0.006869
0.016012
0.021842
0.064133
0.018637
0.001293
0.026083
0.043076
0.019646
0.030338
0.069811
0.004537
0.003047
0.000092
0.021915
0.001535
0.006354
0.000235
0.013119
0.042517
0.030999
0.002096
0.041835
0.041825
0.014846
0.022243
0.023354
0.000545
0.028650
0.010593
0.009273
0.004900
0.018601
0.045082
0.031134
0.021092
0.027440
0.014707
0.008132
0.000850
0.004717
0.005897
0.018245
0.006805
0.005145
0.023165
0.001869
0.004268
0.008597
0.008827
0.055818
0.007439
0.010346
0.017294
0.030541
0.009955
0.005263
0.027783
0.010708
0.020498
0.001529
0.013223
0.007347
0.009665
0.013158
0.004045
0.045766
0.032745
0.025268
0.000275
0.011118
0.014710
0.005209
0.016129
0.006111
0.012643
0.010937
0.005287
0.013348
0.034955
0.020583
0.009086
0.034222
0.025793
0.061178
0.014055
0.013190
0.006479
0.004626
0.022027
0.003650
0.036551
0.015164
0.017813
0.022388
0.020902
0.027387
0.015802
0.013507
0.061958
0.003606
0.009052
0.024077
0.042633
0.040942
0.005540
0.015252
0.000699
0.004894
0.000842
0.004343
0.034702
0.004112
0.017543
0.038470
0.025532
0.023494
0.034396
0.038270
0.020606
0.003538
0.000880
0.025011
0.104802
0.008645
0.005184
0.002701
0.019176
0.018651
0.012985
0.012950
0.011374
0.022262
0.020449
0.005141
0.012189
0.023267
0.065544
0.019249
0.003126
0.011449
0.020164
0.035192
0.003334
0.008584
0.025101
0.002495
0.002468
0.018310
0.018398
0.003008
0.006161
0.007991
0.015683
0.006181
0.017099
0.001200
0.000113
0.012387
0.033907
0.021110
0.014328
0.002678
0.000103
0.034791
0.000034
0.010762
0.016905
0.019193
0.013246
0.006221
0.002966
0.007978
0.026917
0.011484
0.042828
0.000182
0.016836
0.000991
0.097960
0.095472
0.092992
0.007060
0.000094
0.008317
0.001866
0.008326
0.006545
0.014964
0.019667
0.059064
0.045744
0.037385
0.065868
0.001128
0.018378
0.004503
0.021032
0.002433
0.021376
0.072756
0.066624
0.032504
0.075723
0.013033
0.011016
0.011050
0.005708
0.016228
0.002237
0.012300
0.038150
0.042539
0.006563
0.007180
0.034664
0.004112
0.017686
0.041230
0.035823
0.002272
0.000549
0.003090
0.019709
0.014214
0.007894
0.006420
0.019991
0.007407
0.001322
0.012477
0.006565
0.009913
0.031078
0.003433
0.024818
0.042065
0.027718
0.016705
0.017095
0.006420
0.008642
0.017733
0.008086
0.017645
0.013378
0.016359
0.045011
0.004920
0.004342
0.003460
0.003179
0.010357
0.002829
0.000642
0.055637
0.009159
0.002728
0.004521
0.005866
0.021840
0.023318
0.001672
0.002501
0.075365
0.058345
0.047430
0.035143
0.039427
0.020080
0.000843
0.008628
0.031215
0.015056
0.000370
0.003488
0.034300
0.013340
0.013177
0.011408
0.004183
0.002189
0.038157
0.016662
0.013559
0.001846
0.055130
0.034355
0.027512
0.014480
0.017133
0.016401
0.003682
0.005245
0.037155
0.072330
0.002547
0.057471
0.016282
0.042786
0.019238
0.082878
0.064578
0.037531
0.003905
0.070379
0.040618
0.003852
0.003174
0.005862
0.004422
0.035803
0.025562
0.020850
0.007577
0.001425
0.030080
0.002625
0.017623
0.012086
0.008864
0.091350
0.016318
0.014831
0.001092
0.010874
0.002460
0.029545
0.019621
0.026865
0.025174
0.016683
0.041996
0.001358
0.009283
0.023122
0.002214
0.019237
0.037439
0.008949
0.013208
0.018328
0.004159
0.017011
0.028910
0.008334
0.001715
0.006935
0.001750
0.017939
0.002173
0.002641
0.030819
0.019961
0.021168
0.003528
0.058228
0.021532
0.019195
0.018351
0.024083
0.023137
0.045124
0.078363
0.083381
0.034564
0.011723
0.033577
0.032646
0.012349
0.007409
0.036340
0.004275
0.014165
0.007934
0.006941
0.026709
0.027973
0.032646
0.073902
0.012183
0.000642
0.047470
0.004550
0.000241
0.003019
0.027950
0.006876
0.039762
0.013924
0.004819
0.020099
0.044085
0.013922
0.000022
0.007006
0.035887
0.007078
0.004269
0.013297
0.010719
0.027515
0.002527
0.035285
0.055471
0.001364
0.042411
0.025298
0.009046
0.019279
0.010031
0.023604
0.015981
0.000072
0.040178
0.005485
0.016537
0.004982
0.003242
0.025628
0.004458
0.016210
0.015700
0.004234
0.002462
0.048876
0.011242
0.008666
0.003505
0.022894
0.022158
0.032420
0.023022
0.034970
0.023780
0.023290
0.030934
0.011443
0.012160
0.026753
0.005968
0.031043
0.009689
0.002985
0.005770
0.005782
0.004500
0.043061
0.012259
0.029029
0.010007
0.009700
0.023169
0.014482
0.009220
0.022310
0.021601
0.035699
0.060659
0.002325
0.001109
0.006705
0.006213
0.090385
0.031801
0.018512
0.008010
0.003599
0.036153
0.024253
0.001664
0.008514
0.010255
0.005366
0.023445
0.000779
0.034615
0.021383
0.013280
0.006829
0.000572
0.031586
0.017599
0.007458
0.013091
0.001235
0.039546
0.022236
0.005686
0.007575
0.019402
0.039755
0.012667
0.000543
0.027660
0.008414
0.005088
0.003749
0.057959
0.001995
0.000363
0.004479
0.001913
0.021295
0.004011
0.001171
0.019148
0.006298
0.063205
0.005064
0.024579
0.005443
0.056457
0.055815
0.002261
0.021828
0.001923
0.010009
0.017187
0.040321
0.045726
0.004895
0.073724
0.002110
0.031920
0.053845
0.007056
0.009349
0.014499
0.022773
0.008992
0.064079
0.009236
0.018454
0.005684
0.054725
0.027210
0.011928
0.035923
0.033815
0.021226
0.000973
0.004776
0.041513
0.035467
0.051086
0.022432
0.027973
0.008980
0.007156
0.012538
0.001414
0.001250
0.025030
0.002020
0.008820
0.027174
0.004638
0.010921
0.021227
0.001928
0.013254
0.003147
0.009017
0.042858
0.061627
0.022688
0.014677
0.055722
0.032498
0.009567
0.096606
0.009163
0.008478
0.023315
0.126717
0.017692
0.020446
0.012844
0.000146
0.017408
0.014886
0.035978
0.004152
0.013927
0.008257
0.010557
0.009062
0.010657
0.003217
0.001101
0.050030
0.001298
0.000649
0.017496
0.007333
0.012804
0.007198
0.046228
0.022589
0.014627
0.016924
0.022624
0.037273
0.017346
0.014432
0.006151
0.036781
0.019383
0.002703
0.000429
0.051219
0.009645
0.112172
0.009090
0.007206
0.011760
0.049116
0.026588
0.030331
0.080139
0.083224
0.011077
0.096158
0.064238
0.036533
0.005581
0.043306
0.012851
0.038548
0.028283
0.033062
0.066090
0.009011
0.015039
0.039788
0.027599
0.001119
0.009572
0.038362
0.018933
0.072572
0.003545
0.004689
0.028451
0.015029
0.002836
0.018087
0.011050
0.002206
0.021085
0.000852
0.004423
0.036599
0.005600
0.033931
0.022433
0.020516
0.023896
0.007928
0.017053
0.012411
0.014544
0.040995
0.012355
0.044924
0.023402
0.015432
0.005736
0.014862
0.045694
0.015552
0.003459
0.057318
0.004325
0.020385
0.002403
0.027951
0.015480
0.009780
0.009296
0.022327
0.020430
0.018710
0.009456
0.035232
0.014053
0.014731
0.014046
0.006004
0.045540
0.000189
0.037793
0.002007
0.032345
0.000210
0.021937
0.000464
0.060555
0.014615
0.017198
0.025159
0.000692
0.016732
0.004312
0.051173
0.027146
0.003610
0.003743
0.013548
0.011432
0.009707
0.017517
0.016697
0.001577
0.004111
0.011377
0.009937
0.020051
0.007618
0.002047
0.018617
0.034305
0.009059
0.026052
0.001170
0.018420
0.004176
0.016447
0.007894
0.080360
0.016489
0.018422
0.012921
0.008566
0.024509
0.001549
0.049686
0.004641
0.030827
0.001810
0.006881
0.000190
0.006999
0.027679
0.033109
0.000727
0.028869
0.008434
0.002231
0.010441
0.014902
0.011330
0.029823
0.002350
0.001239
0.001266
0.032106
0.007319
0.015950
0.014242
0.000852
0.012917
0.016237
0.000020
0.031587
0.037897
0.040357
0.013113
0.001280
0.040862
0.024121
0.008453
0.021091
0.029278
0.005527
0.051988
0.016110
0.000335
0.052381
0.013367
0.008626
0.091027
0.019772
0.065126
0.063694
0.001575
0.029281
0.000157
0.059102
0.031560
0.008846
0.006015
0.005925
0.003291
0.014447
0.027669
0.030443
0.040234
0.015768
0.004471
0.017328
0.017491
0.004644
0.038584
0.005685
0.024375
0.000195
0.014432
0.002303
0.039693
0.005022
0.013086
0.043057
0.040922
0.005001
0.010469
0.011611
0.048773
0.010006
0.003025
0.003847
0.028031
0.075461
0.049442
0.024587
0.000474
0.017011
0.007872
0.022712
0.002618
0.012272
0.022899
0.046226
0.003204
0.023601
0.012380
0.034276
0.002691
0.005698
0.008649
0.008061
0.036093
0.008766
0.015424
0.000118
0.000217
0.000236
0.067176
0.033367
0.044098
0.046573
0.022963
0.007693
0.003080
0.041624
0.077834
0.042388
0.005603
0.010720
0.013254
0.039104
0.008555
0.008150
0.028369
0.013425
0.001081
0.026320
0.000221
0.006741
0.022569
0.012419
0.017980
0.008025
0.015028
0.003667
0.002370
0.002383
0.019779
0.033304
0.002582
0.006943
0.022471
0.011334
0.014358
0.008585
0.020833
0.024080
0.006975
0.008595
0.010088
0.004015
0.010375
0.031604
0.001358
0.002040
0.086730
0.000323
0.004034
0.000045
0.006247
0.020895
0.012374
0.037033
0.033254
0.005042
0.057129
0.017240
0.000567
0.029172
0.011454
0.019698
0.029654
0.048175
0.009711
0.002288
0.001260
0.008409
0.016206
0.004734
0.002934
0.038053
0.044506
0.018788
0.018973
0.014635
0.001405
0.005725
0.048772
0.004025
0.033567
0.005639
0.001355
0.001789
0.047518
0.022855
0.052584
0.007018
0.010221
0.023607
0.013798
0.021965
0.011573
0.015516
0.004214
0.008962
0.002701
0.009555
0.003825
0.014045
0.013013
0.005806
0.002093
0.005326
0.014278
0.067088
0.000994
0.015701
0.049549
0.012401
0.014720
0.046385
0.045362
0.010907
0.002644
0.033834
0.016065
0.047597
0.034250
0.012555
0.021646
0.024112
0.003881
0.018409
0.001269
0.028790
0.021854
0.018160
0.023784
0.025165
0.000141
0.058761
0.059056
0.035413
0.015573
0.012215
0.004473
0.071167
0.061949
0.075863
0.004929
0.014687
0.003655
0.003949
0.014981
0.016745
0.017203
0.006579
0.009103
0.003382
0.010816
0.030048
0.036137
0.055373
0.000130
0.013827
0.001066
0.020063
0.010726
0.023316
0.008238
0.002085
0.005303
0.033073
0.026546
0.001782
0.025766
0.020217
0.005230
0.014444
0.012884
0.008736
0.055180
0.007910
0.014564
0.012141
0.000581
0.039261
0.072302
0.094849
0.003192
0.093388
0.015347
0.009755
0.010028
0.034627
0.007615
0.010564
0.016528
0.019424
0.017523
0.035113
0.028458
0.002709
0.004241
0.000078
0.004522
0.005216
0.014286
0.000234
0.006590
0.020240
0.006578
0.035150
0.010266
0.046462
0.023480
0.000738
0.032688
0.016988
0.003135
0.016199
0.001569
0.006532
0.000728
0.016979
0.004679
0.071405
0.063236
0.014151
0.003769
0.007774
0.003365
0.007861
0.012136
0.028542
0.009914
0.010769
0.050513
0.021103
0.020249
0.041588
0.040766
0.012472
0.003429
0.019480
0.008648
0.009994
0.003249
0.005385
0.001292
0.003345
0.008995
0.031660
0.011859
0.012358
0.007316
0.005452
0.013387
0.001120
0.000272
0.002368
0.026367
0.007228
0.059036
0.019304
0.005104
0.020215
0.031489
0.057319
0.009907
0.040362
0.022128
0.027177
0.000456
0.006065
0.010752
0.002673
0.040508
0.002199
0.023463
0.006193
0.006041
0.002535
0.006425
0.017290
0.000052
0.018070
0.021072
0.000339
0.012079
0.044745
0.011780
0.018578
0.016322
0.002360
0.030952
0.003088
0.017884
0.039011
0.024648
0.013598
0.000289
0.012731
0.006058
0.004967
0.046979
0.010255
0.005734
0.030249
0.010735
0.010101
0.016470
0.027147
0.007733
0.003119
0.041320
0.007587
0.026128
0.040682
0.015436
0.009459
0.007760
0.012142
0.031600
0.017517
0.007137
0.011155
0.035024
0.000873
0.021365
0.020314
0.036561
0.031786
0.034772
0.005319
0.038715
0.000346
0.005823
0.010591
0.003913
0.005632
0.037454
0.036191
0.008275
0.011354
0.013755
0.000698
0.015468
0.000572
0.002930
0.017014
0.005950
0.006085
0.004678
0.003266
0.000832
0.024695
0.088694
0.009087
0.007886
0.020351
0.001718
0.011557
0.008948
0.004854
0.000192
0.000365
0.000460
0.067450
0.018649
0.054157
0.002481
0.005411
0.009239
0.001554
0.086650
0.046644
0.033097
0.022501
0.001160
0.001757
0.108561
0.003756
0.002234
0.000874
0.005853
0.004042
0.026649
0.030687
0.000231
0.034911
0.055482
0.049279
0.001200
0.012729
0.009303
0.047548
0.000267
0.031167
0.024258
0.001298
0.041125
0.024245
0.008356
0.019107
0.017300
0.038592
0.032540
0.001873
0.003544
0.003674
0.013864
0.014238
0.012898
0.004280
0.027003
0.025364
0.016685
0.038283
0.029456
0.026312
0.003268
0.003876
0.021669
0.010470
0.009941
0.018466
0.001156
0.025320
0.042924
0.025068
0.007729
0.009647
0.008917
0.020206
0.019328
0.009944
0.011967
0.001531
0.015518
0.005375
0.000925
0.019621
0.011231
0.038928
0.004220
0.008012
0.005992
0.013801
0.020570
0.016833
0.045189
0.018642
0.016673
0.038659
0.055135
0.034218
0.017247
0.013201
0.011840
0.005866
0.009911
0.000904
0.017431
0.000600
0.026554
0.014266
0.037131
0.021630
0.007789
0.041515
0.006502
0.025852
0.036060
0.009611
0.024430
0.027236
0.000949
0.010252
0.001446
0.020917
0.015102
0.013140
0.006758
0.017624
0.032945
0.012701
0.006854
0.019710
0.006810
0.078290
0.003711
0.004524
0.021052
0.002310
0.001844
0.011405
0.001340
0.003354
0.008417
0.022329
0.048530
0.006671
0.012132
0.003411
0.024269
0.036282
0.017746
0.016160
0.083075
0.008337
0.066006
0.017475
0.011721
0.029125
0.016122
0.090747
0.028633
0.026761
0.013868
0.006785
0.002580
0.000940
0.002871
0.009943
0.003914
0.010860
0.052954
0.030847
0.025244
0.002732
0.003522
0.031189
0.007240
0.019035
0.054370
0.054892
0.042810
0.015255
0.024780
0.009520
0.030139
0.004675
0.002817
0.036670
0.042116
0.019540
0.034068
0.004421
0.024889
0.013686
0.013131
0.008594
0.021653
0.030630
0.021104
0.031783
0.033178
0.019067
0.008619
0.012209
0.015414
0.001197
0.007978
0.013683
0.089271
0.006870
0.045533
0.023760
0.002042
0.003517
0.001932
0.001040
0.011127
0.003991
0.001415
0.001774
0.007549
0.003538
0.001129
0.031324
0.022026
0.012463
0.018975
0.014329
0.000858
0.012274
0.011948
0.013489
0.034859
0.011535
0.003357
0.037281
0.022798
0.011471
0.010331
0.005587
0.028904
0.003040
0.060179
0.004986
0.027251
0.025000
0.001784
0.001797
0.024913
0.011715
0.040856
0.001755
0.015720
0.016942
0.011889
0.012037
0.018379
0.012706
0.007784
0.018158
0.020667
0.010652
0.017203
0.023131
0.021094
0.013796
0.054602
0.022869
0.022534
0.058406
0.007104
0.006454
0.046412
0.040002
0.000946
0.008826
0.030515
0.027149
0.011856
0.028430
0.012029
0.032674
0.013059
0.027344
0.007637
0.002200
0.020599
0.103622
0.022006
0.000245
0.002278
0.015753
0.008810
0.002928
0.013258
0.025039
0.037910
0.016488
0.022898
0.068311
0.013594
0.007325
0.006982
0.060694
0.070350
0.004605
0.013682
0.002960
0.004922
0.001385
0.008366
0.013528
0.035470
0.012277
0.005261
0.003180
0.025471
0.011999
0.018473
0.006984
0.005110
0.019228
0.022667
0.011064
0.008691
0.004729
0.000154
0.001037
0.005372
0.004017
0.030740
0.027930
0.001594
0.011084
0.001396
0.010594
0.008678
0.030768
0.001354
0.021316
0.010870
0.014469
0.005986
0.031488
0.005052
0.004951
0.016493
0.010263
0.005999
0.036858
0.022589
0.011762
0.004114
0.033919
0.012779
0.011046
0.004952
0.009534
0.004081
0.005319
0.026166
0.006462
0.085020
0.007378
0.000796
0.007696
0.019169
0.031647
0.002783
0.013260
0.029850
0.004773
0.004001
0.002734
0.001770
0.007364
0.002694
0.041648
0.002900
0.035141
0.029102
0.002291
0.017808
0.019076
0.007253
0.003964
0.005798
0.040306
0.045513
0.014053
0.059660
0.043612
0.012962
0.031113
0.008844
0.070008
0.047509
0.002661
0.010351
0.008117
0.006661
0.019175
0.003094
0.003402
0.018699
0.006406
0.001329
0.032057
0.006483
0.009343
0.024434
0.034781
0.013670
0.013734
0.011752
0.002583
0.017070
0.010291
0.003387
0.004265
0.025051
0.021385
0.047079
0.004387
0.082254
0.001087
0.011311
0.004250
0.003111
0.001919
0.004503
0.009746
0.013444
0.010501
0.069310
0.015793
0.005827
0.014586
0.034470
0.003952
0.016465
0.029623
0.018574
0.055319
0.001342
0.041926
0.024828
0.014707
0.017785
0.008654
0.023604
0.067315
0.009846
0.022309
0.013137
0.027579
0.001884
0.020175
0.009036
0.010696
0.034289
0.018166
0.003544
0.011757
0.005212
0.006053
0.012140
0.008929
0.089776
0.015294
0.009944
0.011600
0.001342
0.006168
0.001069
0.032439
0.010580
0.003933
0.005833
0.003411
0.000373
0.114942
0.073903
0.040429
0.000048
0.001392
0.009767
0.028945
0.001356
0.008336
0.013787
0.042782
0.023535
0.004415
0.034235
0.002953
0.007712
0.023307
0.005077
0.000620
0.001382
0.002689
0.003323
0.028009
0.003903
0.003307
0.001358
0.005431
0.058735
0.034088
0.001638
0.010055
0.036193
0.022119
0.024467
0.026336
0.069516
0.028491
0.003124
0.011768
0.014418
0.001051
0.008618
0.007087
0.007374
0.013296
0.009187
0.003884
0.000186
0.009158
0.004659
0.036048
0.006480
0.003968
0.035980
0.009698
0.026024
0.038824
0.013054
0.002975
0.009049
0.068192
0.009945
0.022754
0.013707
0.029706
0.007657
0.013977
0.003085
0.004110
0.032042
0.002852
0.012659
0.020919
0.018315
0.022522
0.016855
0.005995
0.007191
0.011333
0.036705
0.001545
0.026775
0.017415
0.011093
0.027713
0.017835
0.025442
0.052880
0.068095
0.009123
0.014820
0.031729
0.081645
0.014528
0.022183
0.029407
0.024813
0.009682
0.005750
0.024880
0.000586
0.016871
0.002400
0.006916
0.009691
0.019710
0.006041
0.031362
0.008533
0.001615
0.050334
0.035178
0.022393
0.015651
0.002606
0.022752
0.000814
0.055846
0.020222
0.007324
0.003007
0.084513
0.041592
0.025259
0.068372
0.005162
0.010849
0.033210
0.000621
0.025593
0.003360
0.006650
0.007112
0.004471
0.010919
0.025244
0.012023
0.003950
0.042022
0.041237
0.041484
0.011504
0.025234
0.007179
0.000110
0.024068
0.066880
0.007844
0.006752
0.025677
0.026460
0.033637
0.004330
0.025697
0.024624
0.000209
0.013376
0.055624
0.015178
0.003332
0.051995
0.024843
0.014729
0.030048
0.023611
0.051367
0.016543
0.044414
0.005447
0.008405
0.043457
0.003404
0.041613
0.036212
0.002229
0.085352
0.050693
0.022039
0.025941
0.006237
0.063041
0.005540
0.035201
0.028676
0.001586
0.011371
0.087188
0.038062
0.006475
0.053123
0.000503
0.022501
0.053986
0.009257
0.034739
0.022001
0.028363
0.019312
0.035260
0.006949
0.005112
0.019873
0.027837
0.027492
0.025434
0.001178
0.010173
0.058881
0.078513
0.075588
0.029181
0.000753
0.016256
0.002255
0.012279
0.036628
0.033847
0.006564
0.005675
0.046302
0.002990
0.019960
0.017191
0.023505
0.021790
0.054139
0.018706
0.006313
0.000880
0.023627
0.039187
0.032445
0.001027
0.050240
0.002083
0.005555
0.016798
0.005210
0.002904
0.021760
0.000788
0.028094
0.005313
0.013186
0.031179
0.007415
0.021145
0.002392
0.019741
0.032466
0.001728
0.002750
0.000500
0.051924
0.047320
0.037686
0.026211
0.024399
0.017149
0.001005
0.052449
0.003308
0.013977
0.022242
0.011095
0.010867
0.018425
0.030354
0.003947
0.051196
0.044107
0.000333
0.068847
0.021878
0.008199
0.052224
0.011326
0.006023
0.016256
0.000104
0.034043
0.062229
0.005671
0.041674
0.041499
0.000302
0.001053
0.003812
0.017714
0.000137
0.015619
0.007083
0.031451
0.000968
0.140395
0.014925
0.006328
0.029460
0.003663
0.055575
0.001910
0.000983
0.010884
0.003583
0.001835
0.143374
0.143305
0.124987
0.010449
0.023646
0.011766
0.007481
0.033237
0.000449
0.021923
0.045641
0.001880
0.012794
0.010197
0.001438
0.021659
0.010792
0.011950
0.042505
0.002993
0.032998
0.019076
0.009100
0.015940
0.072405
0.069523
0.018188
0.001465
0.040112
0.026904
0.025674
0.059257
0.000943
0.021598
0.019890
0.028059
0.028587
0.023718
0.005965
0.003901
0.021569
0.009834
0.006907
0.003822
0.007881
0.009580
0.007166
0.007080
0.000636
0.009112
0.152311
0.015105
0.006954
0.041907
0.016121
0.010381
0.008685
0.009794
0.002185
0.000224
0.001706
0.010035
0.022529
0.011961
0.014817
0.000744
0.007719
0.020723
0.071596
0.012599
0.009582
0.017083
0.086434
0.016278
0.015499
0.003272
0.046175
0.000926
0.001289
0.063410
0.004149
0.012961
0.004318
0.026563
0.022163
0.008083
0.038655
0.024899
0.022891
0.009719
0.001791
0.047701
0.023109
0.058631
0.008902
0.020314
0.015940
0.012658
0.030298
0.020694
0.003932
0.015337
0.019558
0.004299
0.008957
0.012654
0.014261
0.028967
0.003192
0.014796
0.036271
0.004950
0.022767
0.002587
0.011683
0.018077
0.014805
0.023686
0.001621
0.054469
0.001909
0.001552
0.017674
0.052347
0.003132
0.012310
0.013030
0.021461
0.002499
0.010013
0.003783
0.009142
0.020856
0.015377
0.007386
0.001104
0.019778
0.015034
0.013973
0.020769
0.029608
0.003902
0.016567
0.032893
0.022146
0.023964
0.001947
0.002315
0.031394
0.032802
0.019805
0.017930
0.013164
0.044980
0.038501
0.007465
0.004564
0.008086
0.003234
0.031147
0.022594
0.007075
0.114237
0.056569
0.001001
0.027267
0.002424
0.035134
0.076852
0.020124
0.049875
0.045387
0.028580
0.009781
0.014581
0.016780
0.022088
0.034274
0.025154
0.008394
0.031435
0.018967
0.013275
0.002893
0.001036
0.012619
0.007021
0.012168
0.001067
0.001019
0.032387
0.011240
0.007004
0.032493
0.002776
0.010577
0.007935
0.004157
0.001919
0.030405
0.050794
0.014841
0.056148
0.040489
0.015873
0.026035
0.008738
0.012652
0.017072
0.003634
0.022253
0.016310
0.005161
0.004870
0.004480
0.004701
0.010317
0.014743
0.011720
0.042689
0.003918
0.004340
0.007552
0.002624
0.031351
0.022254
0.037623
0.056540
0.015668
0.026621
0.022029
0.002079
0.010474
0.018118
0.009940
0.020382
0.002844
0.042557
0.002238
0.017981
0.021494
0.015061
0.003743
0.002643
0.003398
0.031595
0.009402
0.000793
0.023692
0.047678
0.001666
0.004842
0.017161
0.016241
0.044207
0.013247
0.041828
0.030972
0.025046
0.035333
0.015294
0.011321
0.023267
0.003998
0.027559
0.041479
0.031952
0.014509
0.010037
0.019629
0.003449
0.003799
0.016864
0.044194
0.002098
0.012948
0.000611
0.024178
0.000918
0.028888
0.006059
0.017049
0.015586
0.001711
0.013101
0.053124
0.002744
0.008157
0.002087
0.003458
0.000286
0.016518
0.008555
0.052233
0.037922
0.018249
0.019104
0.005215
0.023923
0.002808
0.008489
0.050060
0.033512
0.014380
0.008150
0.006854
0.020958
0.006268
0.020344
0.010109
0.015089
0.015931
0.011841
0.020650
0.030054
0.024739
0.016570
0.008879
0.090740
0.016047
0.013466
0.044580
0.034998
0.045142
0.037079
0.032631
0.003110
0.001484
0.001698
0.034075
0.005166
0.046716
0.007835
0.029964
0.023732
0.002694
0.000635
0.054522
0.022230
0.011019
0.005252
0.012081
0.019839
0.019681
0.000587
0.008270
0.036267
0.028666
0.041141
0.064108
0.031959
0.004167
0.034973
0.018744
0.001338
0.048427
0.048428
0.004942
0.001442
0.008653
0.014847
0.059727
0.035074
0.011098
0.001382
0.010335
0.042473
0.016030
0.004825
0.002860
0.009810
0.003439
0.008148
0.017509
0.012038
0.009272
0.001664
0.000234
0.007119
0.028142
0.032489
0.057670
0.051466
0.009033
0.008045
0.020297
0.033373
0.013520
0.031474
0.011403
0.010242
0.010641
0.031984
0.000361
