0.0149676
0.0133699
0.0130636
0.0177423
0.0143271
0.0142286
0.0124072
0.0137134
0.0148831
0.014309
0.0126991
0.0139797
0.0146903
0.0144045
0.0137524
0.0142045
0.013526
0.0150601
0.0173795
0.0129803
0.0153791
0.0148595
0.0143636
0.0141063
0.0139514
0.0135759
0.0146955
0.0142819
0.0138579
0.0143272
0.0119158
0.0142992
0.013952
0.0141112
0.0140561
0.0167833
0.0138851
0.0140347
0.0142901
0.0148468
0.0141672
0.0143985
0.0141025
0.0149452
0.0145915
0.014744
0.0138889
0.014022
0.015011
0.0140483
0.0141035
0.0115732
0.0141808
0.0124953
0.0146626
0.0130586
0.0161487
0.0175436
0.0132294
0.016287
0.0168386
0.0146888
