0.00250485
0.00223793
0.00217737
0.00314415
0.00241277
0.00237759
0.00205332
0.0022858
0.00248497
0.00241185
0.00215433
0.00234615
0.00245888
0.00241559
0.00227883
0.00238888
0.002245
0.00251711
0.00288642
0.00217155
0.002535
0.00248337
0.00242173
0.00235264
0.00234491
0.00224672
0.00247867
0.00238208
0.00232639
0.00240708
0.00196458
0.00239935
0.00235161
0.0023408
0.00234482
0.00279157
0.00233426
0.002363
0.00238871
0.00245331
0.00238712
0.00242674
0.00236766
0.00250569
0.0024451
0.00244104
0.00229974
0.00232543
0.00249991
0.00234291
0.00236339
0.00194114
0.00238366
0.00215799
0.00244774
0.0021933
0.00266429
0.00327055
0.00221553
0.00270005
0.00278157
0.00245294
