0.0213403
0.0206854
0.0209867
0.0204145
0.0213126
0.0213642
0.0203671
0.0210528
0.0215238
0.0212759
0.0199061
0.021192
0.0213899
0.0212442
0.0209524
0.0212395
0.0209783
0.0211288
0.0222422
0.0207449
0.0207119
0.0214845
0.0212076
0.0217061
0.0213376
0.0207768
0.0215075
0.0211013
0.0208867
0.0215401
0.0205025
0.0211955
0.0211682
0.0209207
0.0210022
0.0220974
0.0209754
0.0212678
0.021351
0.0211596
0.0212096
0.0212988
0.0207213
0.0214692
0.0212208
0.021405
0.0211774
0.0210351
0.021089
0.0211049
0.0210988
0.0207724
0.0213974
0.0200772
0.0211209
0.0211052
0.0217035
0.0209178
0.0209224
0.0218209
0.0215422
0.0211891
