0.11255
0.110209
0.11285
0.0974561
0.112227
0.113625
0.110661
0.11259
0.114028
0.111916
0.104641
0.112295
0.113101
0.112279
0.112715
0.112087
0.112867
0.111355
0.116544
0.111037
0.110274
0.113695
0.111421
0.116042
0.113
0.111969
0.112818
0.112243
0.110561
0.113881
0.112439
0.112018
0.111637
0.112006
0.111843
0.116069
0.110885
0.112282
0.113439
0.113206
0.111708
0.111973
0.109327
0.113108
0.112047
0.114543
0.114008
0.112817
0.11162
0.112499
0.111804
0.112273
0.113116
0.103757
0.111857
0.112599
0.1154
0.0946622
0.111703
0.115339
0.113569
0.112208
