0.127518
0.123579
0.125914
0.115198
0.126554
0.127853
0.123068
0.126303
0.128911
0.126225
0.11734
0.126274
0.127792
0.126683
0.126467
0.126291
0.126393
0.126416
0.133923
0.124018
0.125653
0.128555
0.125785
0.130148
0.126951
0.125545
0.127514
0.126525
0.124419
0.128209
0.124355
0.126317
0.125589
0.126118
0.125899
0.132852
0.12477
0.126317
0.127729
0.128053
0.125875
0.126371
0.123429
0.128053
0.126638
0.129287
0.127897
0.126839
0.126631
0.126547
0.125907
0.123846
0.127297
0.116252
0.12652
0.125657
0.131548
0.112206
0.124932
0.131626
0.130408
0.126897
