0.889067
0.890592
0.895366
0.887029
0.888866
0.887089
0.902453
0.891434
0.885673
0.887059
0.892724
0.889398
0.885945
0.886455
0.891895
0.887745
0.89933
0.888206
0.885488
0.894989
0.889239
0.884456
0.887058
0.890384
0.887102
0.886772
0.887351
0.888445
0.889651
0.888367
0.891334
0.889147
0.889673
0.89218
0.890089
0.885592
0.890854
0.887848
0.891655
0.887051
0.887533
0.888698
0.888053
0.885358
0.888857
0.890173
0.892604
0.888474
0.887795
0.893581
0.88981
0.894699
0.887729
0.896296
0.886587
0.893813
0.887644
0.886792
0.893987
0.885556
0.878773
0.886844
