0.000000
0.044546
0.094910
0.078865
0.005790
0.036167
0.005552
0.286464
0.001762
0.013524
0.000000
0.000000
0.000000
0.000000
0.000000
0.000000
0.000000
0.000000
0.004055
0.000000
0.000000
0.000000
0.000000
0.036031
0.000000
0.000000
0.000000
0.000000
0.032590
0.000000
0.000000
0.001979
0.000000
0.000000
0.000000
0.000000
0.000000
0.000000
0.000000
0.000000
0.000000
0.039005
0.000000
0.000000
0.000000
0.000000
0.000000
0.000000
0.000000
0.000000
0.000000
0.000000
0.000000
0.000000
0.013410
0.000000
0.000000
0.000000
0.002160
0.000000
0.000000
0.000000
0.000000
0.000000
0.000000
0.000000
0.033179
0.000000
0.000000
0.000000
0.000000
0.000000
0.000000
0.000000
0.048663
0.155197
0.007046
0.010688
0.178538
0.005213
0.000000
0.000000
0.000000
0.000000
0.000000
0.000000
0.000000
0.000000
0.000000
0.000000
0.170902
0.091011
0.000000
0.000000
0.000000
0.000000
0.000000
0.000000
0.000000
0.000000
0.000000
0.000000
0.000000
0.000000
0.019416
0.000000
0.000000
0.000000
0.032135
0.065161
0.000000
0.003230
0.000000
0.000000
0.000000
0.000000
0.000000
0.025121
0.000000
0.000000
0.000000
0.000000
0.000000
0.010956
0.000000
0.051189
0.000000
0.000000
0.037288
0.000000
0.000000
0.000000
0.000000
0.000000
0.000000
0.000000
0.063130
0.084536
0.000000
0.000000
0.000000
0.000000
0.000000
0.000000
0.000000
0.000000
0.029457
0.000000
0.000000
0.057950
0.064467
0.009407
0.000000
0.000000
0.000000
0.000000
0.000000
0.000000
0.024384
0.000000
0.000000
0.000000
0.040498
0.024300
0.018800
0.026899
0.056332
0.018600
0.075937
1.211582
0.000000
0.018714
0.098753
0.022128
0.025079
0.008012
0.000000
0.000000
0.000000
0.000000
0.000000
0.000000
0.000000
0.115216
0.036563
0.000000
0.000000
0.000000
0.000000
0.000000
0.000000
0.096592
0.048361
0.001168
0.041029
0.000000
0.000000
0.094487
0.016451
0.000000
0.000000
0.000000
0.028087
0.043295
0.046814
0.028419
0.006968
0.105386
0.000000
0.059264
0.000000
0.000000
0.000000
0.000000
0.000000
0.000000
0.000000
0.106026
0.024428
0.025431
0.000000
0.000000
0.000000
0.000000
0.034926
0.000000
0.000000
0.000000
0.000000
0.000000
0.025533
0.000000
0.000000
0.000000
0.000000
0.101344
0.027237
0.000000
0.000000
0.000000
0.000000
0.000000
0.000000
0.000000
0.000000
0.000000
0.000000
0.000000
0.000000
0.000000
0.000000
0.000000
0.000000
0.000000
0.000000
0.000000
0.000000
0.000000
0.000000
0.012014
0.000000
0.000000
0.036170
0.017315
0.000000
0.005158
0.000000
0.000000
0.000000
0.003455
0.000000
0.000000
0.048202
0.000000
0.000000
0.000000
0.000000
0.000000
0.000000
0.000000
0.000000
0.000000
0.000000
0.000000
0.000000
0.000000
0.009793
0.000000
0.000000
0.000000
0.000000
0.003043
0.000000
0.038410
0.000000
0.000000
0.009257
0.000000
0.000000
0.000000
0.000000
0.000000
0.000000
0.000000
0.000000
0.000000
0.000000
0.000000
0.000000
0.016151
0.000000
0.000000
0.000000
0.040250
0.040325
0.021176
0.000000
0.000000
0.072902
0.000000
0.000000
0.000000
0.013675
0.000000
0.000000
0.000000
0.000000
0.000000
0.000000
0.000000
0.055014
0.000000
0.000000
0.000000
0.033412
0.000000
0.000000
0.103069
0.000000
0.000000
0.000000
0.000000
0.123705
0.002768
0.000000
0.000000
0.000000
0.059312
0.000000
0.014035
0.000000
0.000000
0.000000
0.000000
0.000000
0.000000
0.000000
0.000000
0.000000
0.000000
0.074662
0.000000
0.000000
0.037864
0.000000
0.000000
0.000000
0.000000
0.000000
0.000000
0.000000
0.000000
0.025140
0.000000
0.000000
0.026351
0.000000
0.006792
0.000000
0.000000
0.000000
0.000000
0.000000
0.000000
0.000000
0.000000
0.035106
0.000000
0.062532
0.000000
0.000000
0.079135
0.119814
0.000000
0.050288
0.004349
0.000000
0.000000
0.000000
0.015270
0.000000
0.058192
0.000000
0.000000
0.000000
0.027015
0.038475
0.031155
0.000000
0.038360
0.052541
0.004216
0.049991
0.000000
0.000000
0.000000
0.024144
0.000000
0.000000
0.000000
0.000000
0.000000
0.028118
0.000000
0.041310
0.000000
0.000000
0.000000
0.000000
0.000000
0.012250
0.081531
0.000000
0.000000
0.002462
0.032607
0.029160
0.000000
0.000000
0.000000
0.000000
0.000000
0.000000
0.000000
0.000000
0.021793
0.000000
0.000000
0.000000
0.000000
0.000000
0.000000
0.000000
0.000000
0.000000
0.000000
0.000000
0.010539
0.003233
0.054729
0.000000
0.000000
0.000000
0.000000
0.000000
0.035403
0.072763
0.000000
0.000000
0.000000
0.000000
0.000000
0.000000
0.000000
0.036470
0.195831
0.000000
0.000000
0.000000
0.000000
0.000000
0.000000
0.000000
0.000000
0.000000
0.000000
0.000000
0.000000
0.000000
0.139496
0.000000
0.000000
0.032192
0.040759
0.000000
0.000000
0.000000
0.000000
0.000000
0.000000
0.000000
0.000000
0.000000
0.000000
0.000000
0.000000
0.000000
0.000000
0.000000
0.074882
0.097477
0.008650
0.000000
0.000000
0.068343
0.058765
0.029152
0.028050
0.000000
0.066435
0.000604
0.030383
0.000000
0.052072
0.000000
0.000000
0.000000
0.000000
0.000000
0.000000
0.000000
0.000000
0.000000
0.000000
0.000000
0.000000
0.000000
0.271819
0.041215
0.026208
0.025090
0.000000
0.048890
0.000000
0.000000
0.000000
0.000000
0.023207
0.009756
0.000000
0.000000
0.122038
0.000000
0.188101
0.003694
0.000000
0.000000
0.000000
0.000000
0.000000
0.000000
0.014819
0.000000
0.000000
0.000000
0.000000
0.000000
0.000000
0.000000
0.000000
0.000000
0.000000
0.003081
0.000000
0.000000
0.000000
0.000000
0.250531
0.003322
0.029506
0.005036
0.000000
0.000000
0.000000
0.000000
0.000000
0.235348
0.002257
0.000000
0.000000
0.162242
0.000000
0.015466
0.000000
0.145801
0.000000
0.000000
0.000000
0.000000
0.000000
0.000000
0.000000
0.000000
0.000000
0.000000
0.000000
0.000000
0.000000
0.000000
0.000000
0.000000
0.000000
0.000000
0.000000
0.000000
0.000000
0.000000
0.012980
0.000000
0.000000
0.000000
0.027887
0.000000
0.000000
0.000000
0.000000
0.000000
0.319574
0.000000
0.000000
0.000000
0.000000
0.005577
0.000000
0.000000
0.000000
0.000000
0.000000
0.000000
0.000000
0.000000
0.031285
0.000000
0.016806
0.000000
0.000000
0.000000
0.000000
