0.000000
0.062094
0.057671
0.061247
0.004025
0.005719
0.152172
0.067610
0.104778
0.044585
0.000000
0.000000
0.000000
0.037114
0.000000
0.000000
0.000000
0.000000
0.075549
0.000000
0.000000
0.000000
0.000000
0.060782
0.000000
0.000000
0.000000
0.000000
0.000000
0.000000
0.000000
0.000000
0.000000
0.000000
0.000000
0.000000
0.000000
0.000000
0.000000
0.000000
0.080103
0.004232
0.000000
0.000000
0.000000
0.000000
0.000000
0.000000
0.000000
0.000000
0.000000
0.009402
0.000000
0.000000
0.000445
0.000000
0.000000
0.000000
0.081482
0.000000
0.000000
0.000000
0.000000
0.000000
0.000000
0.000000
0.018829
0.000000
0.000000
0.000000
0.000000
0.000000
0.043964
0.000000
0.066840
0.127220
0.111766
0.003357
0.021708
0.037625
0.000000
0.000000
0.000000
0.000000
0.000000
0.000000
0.000000
0.000000
0.000000
0.000000
0.029637
0.010885
0.000000
0.000000
0.000000
0.000000
0.000000
0.000000
0.000000
0.000000
0.000000
0.000000
0.000000
0.000000
0.023179
0.000000
0.000000
0.000000
0.001628
0.000000
0.000000
0.015992
0.000000
0.000000
0.028143
0.000000
0.000000
0.000000
0.000000
0.000000
0.000000
0.000000
0.000000
0.000000
0.000000
0.006653
0.000000
0.000000
0.030241
0.000000
0.000000
0.000000
0.000000
0.000000
0.000000
0.018304
0.038983
0.033630
0.000000
0.000000
0.018453
0.000000
0.000000
0.000000
0.000000
0.000000
0.000000
0.000000
0.057096
0.034702
0.104193
0.069170
0.047814
0.000000
0.008871
0.000000
0.000000
0.000000
0.093013
0.002067
0.000000
0.000000
0.000000
0.000000
0.000000
0.000000
0.005909
0.000000
0.065669
0.000000
0.000000
0.000000
0.007471
0.000000
0.000000
0.000000
0.000000
0.000000
0.000000
0.000000
0.029602
0.000000
0.023821
0.000000
0.000000
0.000000
0.000000
0.152736
0.073997
0.000000
0.000000
0.000000
0.048082
0.113285
0.000000
0.000000
0.057593
0.038530
0.000000
0.000000
0.000000
0.078623
0.020222
0.000000
0.010449
0.022146
0.000000
0.000000
0.000000
0.000000
0.000000
0.000000
0.000000
0.000000
0.000000
0.000000
0.044162
0.019017
0.048276
0.000000
0.000000
0.000000
0.015776
0.052107
0.029750
0.100084
0.000000
0.000000
0.000000
0.000000
0.000000
0.000000
0.000000
0.123812
0.107182
0.002732
0.023423
0.000000
0.012938
0.000000
0.000000
0.000000
0.000000
0.000000
0.000000
0.000000
0.000000
0.000000
0.000000
0.000447
0.000000
0.000000
0.000000
0.000000
0.000000
0.033317
0.030622
0.000000
0.005197
0.000000
0.000000
0.065681
0.014993
0.000000
0.035951
0.018542
0.013998
0.000000
0.000000
0.000000
0.000000
0.048393
0.000000
0.000000
0.000000
0.000000
0.000000
0.000000
0.000000
0.000000
0.046673
0.000000
0.036726
0.000000
0.000000
0.028549
0.000000
0.000000
0.000000
0.000000
0.081487
0.000000
0.071966
0.000000
0.000000
0.000000
0.000000
0.000000
0.000000
0.000000
0.000000
0.000000
0.000000
0.000000
0.000000
0.000000
0.000000
0.000000
0.079938
0.022270
0.000000
0.000000
0.141613
0.003080
0.109648
0.078690
0.071511
0.028084
0.000000
0.000000
0.000000
0.046735
0.000000
0.000000
0.000000
0.000000
0.000000
0.000000
0.000000
0.000000
0.000000
0.000000
0.000000
0.008792
0.000000
0.000000
0.000000
0.000000
0.000000
0.000000
0.000000
0.033891
0.000000
0.000000
0.000000
0.064852
0.042063
0.000000
0.006329
0.096827
0.000000
0.000000
0.000000
0.000000
0.000000
0.000000
0.005924
0.000000
0.000000
0.020312
0.000000
0.000000
0.042795
0.000000
0.000000
0.000000
0.000000
0.000000
0.019579
0.000000
0.000000
0.081607
0.000000
0.043188
0.013873
0.000000
0.000000
0.000000
0.000000
0.000000
0.000000
0.000000
0.003123
0.000000
0.000000
0.000000
0.000000
0.019544
0.000000
0.000000
0.000000
0.000000
0.000000
0.130006
0.083193
0.037958
0.000000
0.044620
0.032243
0.000000
0.154534
0.000000
0.000000
0.000000
0.000550
0.000000
0.000000
0.000000
0.005712
0.013718
0.000000
0.000000
0.000000
0.000000
0.000000
0.090401
0.000000
0.016573
0.000000
0.022354
0.000000
0.050705
0.000000
0.000000
0.000000
0.000000
0.000000
0.025938
0.000000
0.000000
0.000000
0.000000
0.000000
0.000000
0.000000
0.132059
0.043005
0.005422
0.027643
0.048814
0.124700
0.000000
0.000000
0.000000
0.000000
0.000000
0.073105
0.000000
0.000000
0.018504
0.000000
0.000000
0.000000
0.000000
0.000000
0.000000
0.077407
0.033961
0.102678
0.000000
0.000000
0.021551
0.099802
0.000000
0.000000
0.013582
0.000000
0.000000
0.000000
0.008841
0.118915
0.000000
0.068343
0.046378
0.126941
0.000000
0.000000
0.000000
0.000000
0.000000
0.000000
0.000000
0.000000
0.000000
0.000000
0.000000
0.000000
0.000000
0.000000
0.000000
0.000000
0.020530
0.008854
0.000000
0.000000
0.000000
0.000000
0.000000
0.000000
0.000000
0.000000
0.000000
0.000000
0.005618
0.095101
0.000000
0.000000
0.000000
0.000000
0.000000
0.000000
0.000000
0.000000
0.000000
0.000000
0.000000
0.003031
0.000000
0.038346
0.006166
0.104405
0.000000
0.024630
0.000000
0.000000
0.000000
0.000000
0.000000
0.000000
0.000000
0.000000
0.000000
0.000000
0.040222
0.000000
0.000000
0.000000
0.000000
0.000000
0.000000
0.000000
0.000000
0.000000
0.000000
0.000000
0.000000
0.021861
0.049638
0.000000
0.000000
0.125405
0.000000
0.082411
0.066106
0.000000
0.000000
0.000000
0.002283
0.000000
0.000000
0.005454
0.000000
0.000000
0.000000
0.000000
0.000000
0.000000
0.000000
0.000000
0.000000
0.000000
0.018884
0.000000
0.000000
0.000000
0.000000
0.000000
0.000000
0.124605
0.046801
0.000000
0.000000
0.000000
0.043689
0.000000
0.019135
0.000000
0.000000
0.000000
0.000000
0.000000
0.024756
0.000000
0.000000
0.000000
0.000000
0.000000
0.000000
0.000000
0.000000
0.000000
0.000000
0.000000
0.000000
0.000000
0.000000
0.000000
0.000000
0.000000
0.000000
0.000000
0.000000
0.000000
0.000000
0.000000
0.000000
0.101564
0.000000
0.000000
0.000000
0.000000
0.000000
0.000000
0.000000
0.000000
0.106768
0.011174
0.000000
0.000000
0.000000
0.000000
0.089351
0.318817
0.034349
0.286811
0.035509
0.004154
0.116299
0.059599
0.002959
0.004026
0.000000
0.212194
0.000000
0.000000
0.000000
