0.000000
0.012512
0.018673
0.104945
0.030777
0.098741
0.001546
0.028261
0.000000
0.000679
0.000000
0.000000
0.000000
0.073050
0.000000
0.150037
0.000000
0.000000
0.061317
0.000000
0.000000
0.000000
0.000000
0.126506
0.000000
0.001620
0.000000
0.000000
0.000000
0.000000
0.000000
0.000000
0.000000
0.000000
0.000000
0.000000
0.000000
0.000000
0.000000
0.000000
0.000000
0.000000
0.000000
0.000000
0.006475
0.000000
0.000000
0.000000
0.000000
0.000000
0.000000
0.000000
0.000000
0.000000
0.010292
0.000000
0.000000
0.000000
0.036052
0.000000
0.000000
0.000000
0.000000
0.000000
0.000000
0.000000
0.060631
0.000000
0.000000
0.000000
0.000000
0.000000
0.000000
0.000000
0.000268
0.001011
0.000000
0.000000
0.000000
0.124376
0.000000
0.000000
0.000000
0.000000
0.000000
0.000000
0.000000
0.000000
0.000000
0.000000
0.035934
0.090622
0.000000
0.000000
0.000000
0.000000
0.000000
0.000000
0.000000
0.000000
0.000000
0.000000
0.000000
0.000000
0.150997
0.000000
0.000000
0.044434
0.055880
0.067045
0.000000
0.045546
0.000000
0.000000
0.062113
0.000000
0.000000
0.000000
0.000000
0.000000
0.000000
0.000000
0.000000
0.000000
0.000000
0.005889
0.000000
0.000000
0.000000
0.000000
0.000000
0.000000
0.019673
0.000000
0.000000
0.000000
0.068417
0.016745
0.000000
0.027993
0.044240
0.000000
0.000000
0.000000
0.000000
0.000000
0.109986
0.000000
0.000000
0.002978
0.012665
0.000000
0.126146
0.000000
0.000000
0.000000
0.014055
0.000000
0.039944
0.009176
0.000000
0.000000
0.000000
0.000000
0.000000
0.000000
0.000000
0.000000
0.027290
0.000000
0.000000
0.000000
0.095842
0.007865
0.000000
0.000000
0.030581
0.000000
0.000000
0.000000
0.000000
0.000000
0.112327
0.022394
0.006279
0.000000
0.000000
0.000842
0.000000
0.000000
0.000000
0.001588
0.021723
0.089451
0.000000
0.000000
0.000000
0.000000
0.000000
0.000000
0.000000
0.000000
0.004066
0.000000
0.000000
0.027234
0.000000
0.000000
0.000000
0.000000
0.000000
0.000000
0.000000
0.000000
0.028430
0.000000
0.000000
0.071805
0.020716
0.000000
0.000000
0.000000
0.000000
0.000000
0.000000
0.000000
0.000000
0.000000
0.000000
0.072899
0.000000
0.000000
0.000000
0.000000
0.000000
0.000000
0.000000
0.000000
0.125510
0.092190
0.000000
0.000000
0.000000
0.000000
0.000000
0.000000
0.000000
0.000000
0.000000
0.000000
0.000000
0.000000
0.000000
0.000000
0.000000
0.037052
0.067890
0.000000
0.078622
0.000000
0.000000
0.000000
0.000000
0.000000
0.073158
0.000000
0.000000
0.000000
0.000000
0.000000
0.061551
0.098987
0.080308
0.000000
0.000000
0.000000
0.000000
0.088320
0.000000
0.000000
0.065008
0.000000
0.000000
0.000000
0.208032
0.068334
0.047165
0.000000
0.000000
0.000000
0.007046
0.000000
0.058462
0.000000
0.000000
0.048808
0.000000
0.054909
0.000000
0.000000
0.000000
0.000000
0.000000
0.000000
0.000000
0.000000
0.000000
0.000000
0.057454
0.001298
0.000000
0.000000
0.076006
0.028382
0.041854
0.000000
0.000000
0.213718
0.000000
0.000000
0.107810
0.121982
0.036566
0.000000
0.000000
0.000000
0.000000
0.000000
0.000000
0.000000
0.000000
0.048744
0.001860
0.000000
0.000000
0.000000
0.031663
0.000000
0.000000
0.000000
0.000000
0.056542
0.000000
0.000000
0.000000
0.000000
0.045663
0.000000
0.034169
0.051683
0.000000
0.000000
0.000000
0.000000
0.000000
0.000000
0.000000
0.000000
0.000000
0.095334
0.000000
0.000000
0.056373
0.000000
0.000000
0.000000
0.000000
0.000000
0.000000
0.000000
0.000000
0.005840
0.000000
0.000000
0.000000
0.000000
0.000000
0.096640
0.083023
0.000000
0.000000
0.000000
0.000000
0.033202
0.000000
0.000000
0.000000
0.000000
0.000000
0.000000
0.000000
0.000000
0.000000
0.033310
0.035652
0.057280
0.000000
0.000000
0.071438
0.000000
0.130951
0.000000
0.000000
0.000000
0.050182
0.000000
0.000000
0.000000
0.000000
0.041869
0.057587
0.350507
0.091431
0.000000
0.000000
0.102246
0.085635
0.004291
0.000000
0.000000
0.000000
0.050754
0.000000
0.000000
0.000000
0.000000
0.007464
0.000000
0.000000
0.120801
0.114486
0.010890
0.004494
0.000000
0.000000
0.064463
0.000000
0.000000
0.030736
0.016058
0.000000
0.000000
0.000000
0.000000
0.000000
0.000000
0.000000
0.026220
0.000000
0.000000
0.000000
0.000000
0.000000
0.000000
0.000000
0.000000
0.000000
0.000000
0.046892
0.000000
0.000000
0.007986
0.008726
0.000000
0.021768
0.027795
0.000000
0.000000
0.000000
0.000000
0.000000
0.000000
0.000000
0.000000
0.012994
0.000000
0.000000
0.000000
0.014895
0.000000
0.000000
0.000000
0.000000
0.000000
0.000000
0.000000
0.000000
0.000000
0.000000
0.000000
0.020799
0.041954
0.021125
0.156707
0.000000
0.012215
0.000000
0.000000
0.000000
0.000000
0.000000
0.000000
0.027164
0.061764
0.032986
0.000000
0.000000
0.084842
0.012801
0.000232
0.263952
0.131326
0.047325
0.019457
0.027851
0.054121
0.006597
0.000000
0.049853
0.055591
0.021301
0.000000
0.000000
0.000000
0.000000
0.000000
0.000000
0.000000
0.000000
0.024618
0.000000
0.000000
0.000000
0.002085
0.000000
0.000000
0.000000
0.000000
0.000000
0.000000
0.000000
0.000000
0.000000
0.000000
0.000000
0.000000
0.018745
0.119151
0.000000
0.000000
0.000000
0.000000
0.118806
0.063412
0.000000
0.000000
0.000000
0.000000
0.000000
0.000000
0.001403
0.000000
0.000000
0.000000
0.000000
0.000000
0.010597
0.000000
0.000000
0.000000
0.000000
0.000796
0.000000
0.000000
0.000000
0.000000
0.000000
0.000000
0.022603
0.008167
0.000000
0.000000
0.000000
0.038504
0.000000
0.000000
0.000000
0.000000
0.000000
0.000000
0.000000
0.036113
0.000000
0.020243
0.000000
0.020060
0.000000
0.200643
0.157347
0.117606
0.084599
0.069633
0.000000
0.000000
0.000000
0.000000
0.000000
0.000000
0.000000
0.000000
0.000000
0.000000
0.000000
0.000000
0.000000
0.000000
0.000000
0.000000
0.000000
0.000000
0.018184
0.000000
0.000000
0.000000
0.053841
0.011217
0.015861
0.000000
0.000000
0.000000
0.000000
0.000000
0.000000
0.000000
0.000000
0.000000
0.000000
0.000000
0.000000
0.000000
0.052011
0.000000
0.051898
0.000000
0.000000
0.000000
0.000000
0.000000
0.000000
0.019099
0.000000
0.000000
0.000000
0.000000
0.000000
0.000000
0.013366
0.000000
0.056302
0.103508
0.008826
0.000000
0.000000
0.000000
0.000000
0.000000
0.000000
0.000000
0.000000
0.000000
0.076757
0.018438
0.000000
0.000000
0.053388
0.000000
0.000000
0.000000
0.000000
0.000000
0.000000
0.000000
0.000000
0.000000
0.000000
0.174262
0.000000
0.000000
0.000000
0.000000
0.000000
0.000000
0.000000
0.022847
0.007479
0.038030
0.000000
0.000000
0.071672
0.000000
0.007501
0.000000
0.000000
0.000000
0.000000
0.000000
0.000000
0.000000
0.000000
0.000000
0.000000
0.052763
0.076084
0.000000
0.000000
0.000365
0.129148
0.032812
0.000000
0.000000
0.000000
0.019470
0.000000
0.155930
0.146610
0.004076
0.149044
0.235042
0.025726
0.034165
0.021572
0.000000
0.065210
0.039703
0.000000
0.000000
0.000000
0.000000
0.009705
0.000000
0.000000
0.000000
0.000000
0.000000
0.000000
0.000000
0.000000
0.120781
0.037667
0.193359
0.005916
0.097536
0.007693
0.000000
0.000000
0.149013
0.000000
0.007334
0.017794
0.000000
0.000000
0.000000
0.000000
0.000000
0.000000
0.031232
0.000000
0.035092
0.313688
0.029870
0.062854
0.000000
0.000000
0.000000
0.000000
0.000000
0.000000
0.049086
0.000000
0.004668
0.030723
0.000000
0.000000
0.000000
0.017071
0.029546
0.000000
0.000000
0.000000
0.041243
0.000000
0.000000
0.029575
0.000000
0.000000
0.000000
0.000000
0.008002
0.000000
0.000000
0.003605
0.016788
0.000000
0.000000
0.113974
0.110409
0.000000
0.000000
0.000000
0.164467
0.077237
0.002844
0.000000
0.000000
0.000000
0.000000
0.000000
0.000000
0.000000
0.000000
0.000000
0.034619
0.013760
0.000000
0.036314
0.042853
0.082224
0.054086
0.060862
0.000000
0.000000
0.000000
0.000000
0.000000
0.000000
0.000000
0.018366
0.000000
0.000000
0.000000
0.036414
0.000707
0.000000
0.000000
0.000000
0.000000
0.000000
0.000000
0.000000
0.000000
0.000000
0.000000
0.000000
0.000000
0.000000
0.000000
0.000000
0.000000
0.063105
0.046569
0.010136
0.000000
0.000000
0.000000
0.016948
0.000000
0.000000
0.100850
0.000000
0.000000
0.000000
0.000000
0.000000
0.000000
0.050234
0.000000
0.000000
0.033772
0.000000
0.000000
0.000000
0.039171
0.000000
0.020761
0.000000
0.000000
0.000000
0.051552
0.015716
0.088023
0.000000
0.078592
0.000000
0.010614
0.000000
0.000000
0.000000
0.000000
0.000000
0.000000
0.000000
0.000000
0.141754
0.132896
0.000000
0.000000
0.000000
0.000000
0.000000
0.070933
0.011291
0.000000
0.000000
0.000000
0.006836
0.000000
0.000000
0.063521
0.000000
0.004608
0.000000
0.000000
0.000000
0.000000
0.009029
0.160146
0.000000
0.000000
0.031135
0.000000
0.038489
0.053733
0.006368
0.078094
0.054716
0.000000
0.000000
0.083820
0.017157
0.000000
0.000000
0.000000
0.000000
0.015543
0.000000
0.000000
0.000000
0.000000
0.000000
0.000000
0.000000
0.000000
0.000000
0.066410
0.013615
0.000000
0.000000
0.000000
0.000000
0.000000
0.000000
0.000000
0.000000
0.000000
0.000000
0.138455
0.037974
0.000000
0.000000
0.000000
0.000000
0.025242
0.014254
0.000000
0.000000
0.000000
0.000000
0.000000
0.019177
0.000000
0.000000
0.000000
0.000000
0.000000
0.000000
0.000000
0.011404
0.000000
0.000000
0.000000
0.000000
0.147494
0.000000
0.007253
0.000000
0.000000
0.000000
0.000000
0.000000
0.000000
0.000000
0.000000
0.000000
0.000000
0.000000
0.000000
0.091966
0.015395
0.000000
0.000000
0.000000
0.000000
0.056225
0.078276
0.000000
0.113985
0.000000
0.000000
0.000000
0.000000
0.043164
0.000000
0.078262
0.069988
0.025660
0.000000
0.000000
0.000000
0.000000
0.000000
0.003393
0.000000
0.000000
0.000000
0.000000
0.010614
0.000000
0.082752
0.040837
0.003549
0.024547
0.000000
0.000000
0.000000
0.036962
0.000000
0.000000
0.000000
0.019565
0.000000
0.000000
0.000000
0.000000
0.000000
0.000000
0.058034
0.026263
0.000000
0.000000
0.014663
0.000000
0.048280
0.000000
0.000000
0.000000
0.114465
0.000000
0.000000
0.237212
0.060413
0.000000
0.000000
0.095834
0.032410
0.000000
0.000000
0.015198
0.000000
0.000000
0.000000
0.000000
0.000000
0.000000
0.140241
0.059483
0.063417
0.000000
0.000000
0.000000
0.000000
0.000000
0.000000
0.000000
0.000000
0.000000
0.000000
0.000000
0.011929
0.000000
0.055174
0.000000
0.000000
0.000000
0.000000
0.023521
0.000000
0.006035
0.000000
0.000000
0.000000
0.035092
0.000000
0.022835
0.020884
0.069099
0.027295
0.076576
0.124236
0.029510
0.000000
0.000000
0.000000
0.000000
0.000000
0.039342
0.000000
0.000000
0.000000
0.058849
0.000000
0.000000
0.011784
0.000000
0.000000
0.000000
0.000000
0.000000
0.000000
0.000000
0.000000
0.000000
0.030882
0.000000
0.007793
0.000000
0.000000
0.076934
0.014037
0.000000
0.000000
0.000000
0.077145
0.000000
0.000000
0.025985
0.000000
0.000000
0.000000
0.000000
0.000000
0.000000
0.000000
0.000000
0.000000
0.011986
0.000000
0.000000
0.000000
0.000000
0.000000
0.152291
0.007634
0.016260
0.024820
0.000000
0.042599
0.000000
0.000000
0.044109
0.099016
0.113527
0.048735
0.054752
0.024600
0.000000
0.000000
0.014977
0.039179
0.000000
0.058490
0.073359
0.026417
0.038576
0.038001
0.000000
0.020637
0.000000
0.000000
0.016861
0.000000
0.000000
0.000000
0.000896
0.056564
0.117426
0.000000
0.000000
0.000000
0.000000
0.058569
0.000486
0.000000
0.000000
0.022260
0.000000
0.000000
0.021680
0.061247
0.000000
0.000000
0.000000
0.002004
0.000000
0.000000
0.000000
0.000000
0.000000
0.003901
0.000000
0.000000
0.090045
0.018753
0.022537
0.000000
0.000000
0.010452
0.158245
0.002511
0.000000
0.046075
0.039726
0.102219
0.017081
0.000000
0.000000
0.000000
0.000000
0.000000
0.000000
0.000000
0.000000
0.000000
0.010803
0.045863
0.000000
0.000000
0.048637
0.000000
0.000000
0.000000
0.000000
0.000000
0.019721
0.139292
0.000000
0.000000
0.007454
0.000000
0.000000
0.000000
0.000000
0.010893
0.000000
0.000000
0.000000
0.000000
0.000000
0.000000
0.000000
0.009602
0.000000
0.000000
0.000000
0.000000
0.000000
0.020088
0.000000
0.000000
0.091905
0.028124
0.000669
0.000000
0.000000
0.000000
0.000000
0.000000
0.064096
0.000000
0.000000
0.000000
0.000000
0.000000
0.176128
0.002395
0.039523
0.000000
0.000000
0.051173
0.083276
0.000000
0.000000
0.114724
0.060571
0.006430
0.000000
0.000000
0.000000
0.000000
0.000000
0.000000
0.000000
0.000000
0.000000
0.000000
0.000000
0.000000
0.000000
0.000000
0.000000
0.000000
0.040155
0.000000
0.000000
0.000000
0.000000
0.000000
0.000000
0.000000
0.000000
0.000000
0.004567
0.022496
0.000000
0.000000
0.000000
0.000000
0.003703
0.028112
0.000000
0.000000
0.000000
0.000000
0.000000
0.000000
0.143965
0.028038
0.004219
0.000000
0.000000
0.000000
0.000000
0.000000
0.051033
0.000000
0.000000
0.000000
0.000000
0.000000
0.064068
0.023686
0.071949
0.009993
0.000000
0.000000
0.000000
0.000000
0.047881
0.000000
0.000000
0.000000
0.000000
0.000000
0.066656
0.032241
0.012703
0.003570
0.025066
0.000000
0.128809
0.000000
0.000000
0.053358
0.000000
0.008875
0.104224
0.078047
0.000000
0.002446
0.000000
0.099944
0.014096
0.000000
0.000000
0.000000
0.010480
0.000000
0.000000
0.000000
0.085648
0.000000
0.000000
0.000000
0.007567
0.000000
0.000000
0.027461
0.000000
0.000000
0.000000
0.000000
0.000000
0.000000
0.000000
0.000000
0.003734
0.000000
0.000000
0.000000
0.100143
0.048689
0.000000
0.004746
0.000292
0.000000
0.000000
0.000000
0.000000
0.000000
0.000000
0.000000
0.000000
0.000000
0.000000
0.000000
0.083497
0.000000
0.000000
0.000000
0.046048
0.000000
0.000000
0.000000
0.000000
0.000000
0.000000
0.000000
0.089515
0.000000
0.000000
0.036909
0.045150
0.101911
0.000000
0.000000
0.000000
0.000000
0.000000
0.000000
0.000000
0.000000
0.000000
0.000000
0.000000
0.000000
0.000000
0.000000
0.008947
0.000000
0.000000
0.000000
0.000000
0.000000
0.022475
0.000000
0.000060
0.000000
0.000000
0.006020
0.000000
0.000000
0.000000
0.000000
0.018218
0.000000
0.000000
0.000000
0.000000
0.009573
0.005645
0.000000
0.000000
0.000000
0.000000
0.000000
0.000000
0.000000
0.000000
0.000000
0.000000
0.000000
0.000000
0.000000
0.000000
0.010518
0.061859
0.040077
0.000000
0.040787
0.003422
0.023720
0.000000
0.000000
0.000000
0.000000
0.049577
0.044574
0.000000
0.000000
0.101810
0.039836
0.031732
0.104576
0.001532
0.017301
0.033034
0.000000
0.000000
0.007515
0.000000
0.000000
0.000000
0.000000
0.000000
0.000000
0.129606
0.000000
0.000000
0.000000
0.043131
0.000000
0.000000
0.000000
0.000000
0.000000
0.000000
0.000000
0.000000
0.000000
0.000000
0.000000
0.047610
0.001481
0.052224
0.000000
0.000000
0.118335
0.006699
0.045380
0.029932
0.000000
0.000000
0.000000
0.048827
0.032079
0.000000
0.000000
0.000000
0.000000
0.000000
0.000000
0.035988
0.000000
0.000000
0.000000
0.000000
0.000000
0.032526
0.000000
0.036432
0.000000
0.000000
0.000000
0.000000
0.000000
0.000000
0.025239
0.023807
0.061150
0.087009
0.045340
0.008510
0.000000
0.000000
0.000000
0.000000
0.004619
0.000000
0.000000
0.000000
0.000000
0.000000
0.013050
0.050896
0.000000
0.091246
0.008281
0.000000
0.000000
0.000000
0.037916
0.000000
0.000000
0.000000
0.000000
0.000000
0.000000
0.000000
0.000000
0.000000
0.033922
0.213819
0.033016
0.001262
0.000000
0.042669
0.000000
0.000000
0.000000
0.000000
0.000000
0.000000
0.000000
0.150294
0.000000
0.000000
0.000000
0.000000
0.000000
0.006050
0.028982
0.000000
0.064179
0.000000
0.000000
0.000000
0.000000
0.012437
0.000000
0.000000
0.000000
0.000000
0.010770
0.000000
0.000000
0.000000
0.000000
0.000000
0.000000
0.000000
0.000000
0.037925
0.000000
0.000000
0.000000
0.024723
0.000000
0.221279
0.056935
0.010308
0.000000
0.000000
0.000000
0.063547
0.106042
0.081871
0.121805
0.012765
0.007508
0.082692
0.045478
0.018235
0.030615
0.290579
0.098659
0.010712
0.026233
0.062548
0.046880
0.000000
0.000000
0.000000
0.000000
0.000000
0.000000
0.000000
0.079680
0.161910
0.000000
0.000000
0.000000
0.000000
0.000000
0.000000
0.000000
0.000000
0.000000
0.000000
0.000000
0.000000
0.000000
0.000000
0.000000
0.028597
0.000000
0.000000
0.000000
0.128556
0.034925
0.060886
0.000000
0.000000
0.111598
0.041067
0.000000
0.000000
0.042816
0.009727
0.000000
0.061617
0.017909
0.000000
0.000000
0.000000
0.000000
0.091720
0.065865
0.000000
0.024895
0.000000
0.000000
0.000000
0.000000
0.000000
0.000000
0.008485
0.000000
0.000000
0.000000
0.000000
0.000000
0.000000
0.000000
0.000000
0.000000
0.038250
0.040927
0.000000
0.000000
0.028992
0.000000
0.000000
0.000000
0.000000
0.000000
0.000000
0.000000
0.000000
0.000000
0.000000
0.061910
0.096272
0.066268
0.000000
0.000000
0.000000
0.000000
0.000000
0.000000
0.000000
0.000000
0.000000
0.000000
0.000000
0.000000
0.026156
0.000000
0.000000
0.000000
0.000000
0.000000
0.000000
0.000000
0.000000
0.000000
0.073819
0.072335
0.051654
0.202717
0.005219
0.000000
0.000000
0.000000
0.000094
0.066587
0.025449
0.000000
0.000000
0.000000
0.000000
0.000000
0.327676
0.045823
0.047494
0.000000
0.000000
0.000000
0.000000
0.000000
0.000000
0.000000
0.000000
0.000000
0.000279
0.000000
0.000000
0.000000
0.000000
0.000000
0.000000
0.000000
0.000000
0.289222
0.031222
0.084182
0.061189
0.118522
0.004519
0.022269
0.023809
0.001949
0.000000
0.000000
0.000000
0.000000
0.000000
0.000000
0.000000
0.028480
0.000000
0.000000
0.000000
0.059757
0.066237
0.000000
0.000000
0.000000
0.000000
0.000000
0.000000
0.000000
0.013638
0.042343
0.000000
0.038010
0.057636
0.000000
0.000000
0.036339
0.000000
0.000000
0.000000
0.000000
0.000000
0.000000
0.000000
0.000000
0.000000
0.000000
0.000000
0.000000
0.000000
0.000000
0.013902
0.000000
0.019317
0.054694
0.005623
0.000000
0.157828
0.000000
0.048038
0.095875
0.000000
0.000000
0.000000
0.000000
0.016898
0.000000
0.000000
0.000000
0.000000
0.000000
0.000000
0.000000
0.000000
0.000000
0.000000
0.000000
0.000000
0.109695
0.046294
0.049207
0.000000
0.000000
0.000000
0.000000
0.000000
0.000000
0.000000
0.000000
0.000000
0.000000
0.022782
0.016584
0.000000
0.000000
0.040983
0.047867
0.054201
0.027740
0.000000
0.071718
0.000000
0.000000
0.000000
0.000000
0.000000
0.000000
0.000000
0.000000
0.000000
0.000000
0.000000
0.002828
0.000000
0.000000
0.000000
0.056894
0.158473
0.050026
0.009444
0.000000
0.000000
0.000000
0.000000
0.000000
0.000000
0.000000
0.000000
0.039816
0.042645
0.000000
0.000000
0.041386
0.000000
0.000000
0.000000
0.000000
0.000000
0.014065
0.000000
0.000000
0.042311
0.054484
0.092691
0.004554
0.000000
0.000000
0.000000
0.000000
0.000000
0.057339
0.000000
0.000000
0.000000
0.000000
0.013002
0.000000
0.023133
0.000000
0.000000
0.000000
0.000000
0.000000
0.000000
0.000000
0.000000
0.059268
0.000000
0.000000
0.138485
0.000075
0.042566
0.000000
0.025021
0.000000
0.000000
0.000000
0.000000
0.000000
0.000000
0.000000
0.000000
0.000000
0.000000
0.000000
0.000000
0.053269
0.000000
0.000000
0.000000
0.000000
0.000000
0.000000
0.000000
0.000000
0.000000
0.000000
0.000000
0.000000
0.000452
0.000000
0.000000
0.000000
0.043581
0.108002
0.003765
0.032032
0.010261
0.000000
0.031257
0.000000
0.000000
0.000000
0.000000
0.025591
0.000000
0.000000
0.000000
0.000000
0.000000
0.000000
0.000000
0.000000
0.000000
0.000000
0.000000
0.011886
0.000000
0.000000
0.000000
0.000000
0.000000
0.000000
0.018800
0.000000
0.000000
0.000000
0.015234
0.000000
0.018599
0.000000
0.019084
0.000000
0.000000
0.000000
0.010540
0.000000
0.000000
0.000000
0.000000
0.000000
0.000000
0.000000
0.029938
0.000000
0.000000
0.000000
0.000000
0.000000
0.000000
0.000000
0.000000
0.011042
0.040066
0.037144
0.000000
0.000000
0.054174
0.000000
0.258783
0.039175
0.000000
0.000000
0.001956
0.000000
0.000000
0.000000
0.000000
0.000000
0.000000
0.002514
0.000000
0.000000
0.005831
0.006176
0.000000
0.000000
0.000000
0.003622
0.000000
0.000000
0.000000
0.000000
0.000000
0.001213
0.000000
0.000000
0.000000
0.000000
0.000000
0.000000
0.000000
0.198775
0.088944
0.008478
0.000000
0.000000
0.000000
0.000000
0.000000
0.013035
0.000000
0.000000
0.123276
0.031176
0.039744
0.000000
0.000000
0.000000
0.007040
0.000000
0.000000
0.000000
0.000000
0.000000
0.000000
0.000000
0.000000
0.078033
0.000000
0.000000
0.000000
0.000000
0.004094
0.000000
0.000000
0.000000
0.000000
0.000000
0.000000
0.000000
0.000000
0.005424
0.119200
0.036870
0.160311
0.003209
0.000000
0.000000
0.000000
0.000000
0.000000
0.000000
0.000000
0.000000
0.000000
0.000000
0.000000
0.000000
0.011160
0.000000
0.000000
0.000000
0.000000
0.000000
0.000000
0.000000
0.000000
0.006125
0.000000
0.000000
0.000000
0.000000
0.051944
0.000000
0.000000
0.000000
0.000000
0.000000
0.000000
0.000000
0.000000
0.000000
0.020663
0.017350
0.000000
0.050666
0.000000
0.000000
0.000000
0.018488
0.000000
0.000000
0.000000
0.000000
0.036022
0.000000
0.000000
0.000000
0.000000
0.000000
0.000000
0.003200
0.000000
0.000000
0.000000
0.002036
0.000000
0.000000
0.058660
0.057797
0.113090
0.011651
0.000000
0.000000
0.000000
0.028287
0.000000
0.000000
0.000000
0.011115
0.000000
0.000000
0.000000
0.000000
0.000000
0.071312
0.000213
0.000000
0.000000
0.000000
0.000000
0.000000
0.000000
0.000000
0.000000
0.000000
0.018819
0.000000
0.000000
0.000000
0.000000
0.005855
0.000000
0.000000
0.000000
0.017313
0.000000
0.000000
0.043486
0.000000
0.000000
0.000640
0.000000
0.000000
0.000000
0.000000
0.000000
0.000000
0.000000
0.000000
0.000000
0.000000
0.000000
0.000000
0.000000
0.000000
0.002680
0.097442
0.056311
0.000000
0.000000
0.000000
0.000000
0.000000
0.024689
0.000000
0.000000
0.000000
0.027158
0.052238
0.006253
0.000000
0.000000
0.000000
0.000000
0.000000
0.000000
0.000000
0.000000
0.000000
0.000000
0.000000
0.000000
0.000000
0.000000
0.000000
0.000000
0.000000
0.000000
0.000000
0.000000
0.000000
0.000000
0.000000
0.000000
0.006787
0.000000
0.000000
0.000000
0.000000
0.000000
0.000000
0.000000
0.000000
0.060933
0.000000
0.000000
0.000000
0.035302
0.000000
0.000000
0.000000
0.052895
0.135816
0.065088
0.164496
0.000000
0.000000
0.004440
0.000000
0.000000
0.069118
0.000000
0.000000
0.000000
0.000000
0.000000
0.000000
0.001202
0.000000
0.000000
0.036624
0.028597
0.140557
0.000000
0.000000
0.054135
0.015665
0.000000
0.040008
0.021335
0.000000
0.000000
0.000000
0.000000
0.000000
0.042344
0.000000
0.012982
0.019080
0.093304
0.012204
0.058878
0.000000
0.000000
0.005652
0.068178
0.035018
0.000000
0.026176
0.000000
0.000000
0.000000
0.000000
0.062331
0.000000
0.000000
0.000000
0.000000
0.000000
0.047738
0.138767
0.004724
0.000000
0.000000
0.000000
0.000000
0.000000
0.107651
0.000000
0.000000
0.000000
0.000000
0.000000
0.011758
0.000000
0.000000
0.000000
0.000000
0.071055
0.042955
0.049959
0.000000
0.000000
0.008498
0.000000
0.000000
0.093551
0.008963
0.023129
0.068341
0.000000
0.000000
0.000000
0.000000
0.000000
0.000000
0.000000
0.000000
0.000000
0.086042
0.148973
0.018216
0.017081
0.000000
0.000000
0.000000
0.000000
0.000000
0.007358
0.316736
0.070881
0.041302
0.040366
0.000000
0.000000
0.000000
0.000000
0.021821
0.000000
0.000000
0.000000
0.000000
0.000000
0.000000
0.000000
0.102492
0.028751
0.000000
0.071394
0.000000
0.000000
0.000000
0.000000
0.000000
0.000000
0.000000
0.008202
0.000000
0.031446
0.000000
0.008005
0.000000
0.000000
0.000000
0.000000
0.000000
0.076429
0.019047
0.095631
0.015242
0.118115
0.003627
0.015571
0.186307
0.029631
0.114880
0.000000
0.000000
0.000000
0.000000
0.062567
0.000000
0.000000
0.000000
0.000000
0.000000
0.000000
0.000000
0.000000
0.000000
0.000000
0.000000
0.000000
0.000000
0.000000
0.017140
0.000000
0.000000
0.000000
0.000000
0.000000
0.000000
0.000000
0.000000
0.005832
0.037006
0.007938
0.009577
0.000000
0.075567
0.008357
0.119879
0.000000
0.000000
0.000000
0.040827
0.000000
0.009931
0.000000
0.002103
0.000000
0.000000
0.000000
0.000000
0.000000
0.037414
0.000000
0.000000
0.000000
0.000000
0.000000
0.000000
0.000000
0.000000
0.000000
0.000000
0.000000
0.000000
0.000000
0.000000
0.012209
0.020568
0.003823
0.026078
0.000000
0.000000
0.000244
0.002374
0.000000
0.000000
0.000000
0.000000
0.000000
0.000000
0.072644
0.000000
0.035208
0.000000
0.000000
0.000000
0.000000
0.065583
0.000000
0.084366
0.000000
0.000000
0.000000
0.000000
0.131252
0.036119
0.067043
0.000000
0.008617
0.000000
0.000000
0.000000
0.000000
0.000000
0.003954
0.000000
0.000000
0.000000
0.000000
0.000000
0.000000
0.000000
0.010635
0.028606
0.110202
0.026958
0.000000
0.000000
0.000000
0.000000
0.111183
0.093476
0.002498
0.056996
0.000000
0.065984
0.047780
0.000000
0.000000
0.000000
0.000000
0.000000
0.000000
0.003168
0.000000
0.000000
0.000000
0.000000
0.125417
0.155922
0.031487
0.011260
0.000000
0.000000
0.000000
0.000000
0.000000
0.000000
0.000000
0.000000
0.011360
0.004101
0.000000
0.000000
0.000000
0.000000
0.000000
0.124118
0.035290
0.077950
0.000000
0.000000
0.000000
0.000000
0.000000
0.003138
0.000000
0.000000
0.003973
0.000000
0.000000
0.000000
0.000000
0.000000
0.000000
0.018737
0.020909
0.013570
0.000000
0.000000
0.049022
0.004257
0.000000
0.000000
0.000000
0.059983
0.000000
0.000000
0.000000
0.000000
0.000000
0.000000
0.000000
0.000000
0.000000
0.000000
0.000000
0.001407
0.034592
0.068593
0.000000
0.000000
0.000000
0.000000
0.000000
0.000000
0.000000
0.000000
0.005682
0.000000
0.000000
0.000000
0.000000
0.000000
0.000000
0.000000
0.000000
0.000000
0.163988
0.017276
0.004805
0.000000
0.000000
0.000000
0.000000
0.061475
0.000000
0.000000
0.000000
0.085895
0.000000
0.009361
0.000000
0.000000
0.028183
0.000000
0.000000
0.081142
0.043021
0.000000
0.000000
0.000000
0.000000
0.000000
0.000000
0.000000
0.000000
0.000000
0.000000
0.000000
0.000000
0.006691
0.000000
0.000000
0.000000
0.031146
0.000000
0.000000
0.010988
0.000000
0.000000
0.055838
0.000000
0.006888
0.000000
0.000000
0.034944
0.038466
0.059262
0.000000
0.000000
0.042982
0.041048
0.009301
0.000000
0.021056
0.000000
