1.47041
0.34209
0.82628
0.61028
0.57105
0.88047
0.97467
0.00189
0.13208
0.20926
0.91554
0.37013
3.33571
0.70524
0.03186
6.59314
1.43550
0.10068
0.95769
0.99403
0.32256
1.45403
1.34658
0.46296
1.17552
0.13667
0.00566
0.65237
0.40044
0.29652
0.37672
0.09361
0.11162
0.15313
0.35430
0.21361
0.59822
1.19222
0.63509
0.73445
0.42576
0.59640
2.37463
1.26950
1.18591
0.05787
0.28372
0.68280
0.26954
1.30094
0.78929
2.23376
4.89026
1.67020
0.14640
1.14199
0.86507
0.05351
0.28275
0.63501
0.58694
0.03896
0.51169
0.34315
0.17961
2.84148
0.85289
2.06617
0.62875
0.66445
0.20621
0.23948
0.46545
0.37800
0.08708
0.08590
0.01972
0.78410
0.41262
0.23489
0.20313
1.56083
0.49688
0.13040
3.15929
0.66128
0.34729
2.23752
2.11667
0.45729
0.25456
0.03425
3.10895
0.67641
0.18860
1.53169
0.04553
1.62264
0.90400
0.65943
0.90980
1.24217
0.23231
2.41190
0.45513
0.16253
0.32248
0.91068
0.01366
1.11995
2.63149
0.58289
0.11456
0.21508
1.01896
1.03213
1.62647
0.45454
0.12291
0.00776
1.59471
0.95984
1.04094
2.74406
1.60998
1.89055
0.90544
1.10319
0.87857
1.67198
0.32607
0.19437
0.05261
1.19800
0.98908
2.56200
0.87886
1.55246
1.44074
0.87310
2.39509
1.62466
0.11738
3.27132
0.99881
2.44707
0.03470
0.98643
3.84478
0.12900
0.36579
0.05813
0.33527
3.26563
2.64058
0.62703
0.18796
0.78433
1.31621
0.76568
2.42538
1.29507
2.54243
0.89535
3.81038
0.12826
0.59329
0.95111
0.22946
0.08358
0.19236
1.45602
2.50263
0.10734
1.98564
1.89639
7.39538
0.71763
4.58399
0.08354
1.13002
0.92386
1.87076
0.92813
0.12222
0.55604
1.33223
1.99848
0.34374
0.39038
0.41758
0.83268
0.46307
0.50148
1.73135
2.42716
1.64469
1.12971
0.08324
0.51090
0.75343
0.40618
0.77664
0.48175
0.17783
0.69356
0.60241
0.26825
1.52218
0.63421
0.05110
3.43494
1.91240
0.69296
0.75968
0.18288
0.89914
1.41178
0.85623
0.52604
0.97791
1.71945
1.06196
0.33854
0.30621
0.88790
0.02027
0.70416
0.12014
4.74580
0.80017
0.68429
1.38381
0.46566
1.46069
0.42996
0.23344
3.17278
0.66656
0.97387
0.17874
0.09914
1.11910
3.95799
0.98689
0.50279
0.23084
0.03548
2.52647
0.71125
0.53242
0.94901
0.43014
0.52572
0.35944
1.09627
0.25876
0.36740
0.64618
1.25189
1.91509
0.54730
1.89319
1.16198
0.06799
0.81668
1.18109
0.45044
0.82922
0.21574
1.48662
0.36118
1.41950
0.25099
0.15538
0.10029
0.31637
1.79199
1.96029
0.66461
0.59372
0.93176
0.09036
0.19632
0.94624
1.54669
0.22886
2.08840
1.37640
2.36558
3.82850
1.85809
0.29669
1.06195
1.40865
0.61263
0.73241
0.97645
1.71619
0.00888
1.26475
6.23845
0.77311
0.00402
0.03887
0.28496
0.93598
0.35395
0.22448
0.84441
0.08727
2.94266
0.16694
0.49056
0.34365
0.34133
0.24987
0.53527
1.18316
0.23437
0.45831
0.75582
0.76867
0.56818
0.95594
1.19514
0.40031
0.72402
0.25725
3.40485
2.17518
0.10468
1.07644
0.83360
3.52884
0.26814
0.34629
3.33723
0.07846
0.02216
1.91253
0.69555
0.31083
0.77774
0.04315
0.41036
2.18690
1.44492
0.76530
0.60063
0.42460
4.54470
1.22684
3.25328
1.53041
1.05973
0.84898
0.08703
0.51791
0.60876
2.04922
4.81530
0.45403
0.78702
0.02849
0.76056
1.14114
0.92324
0.63830
0.49282
0.14424
6.39359
0.16543
0.17414
0.30339
0.34605
0.67064
2.47619
0.61607
1.46812
1.85564
1.19846
4.42867
1.61519
0.81763
1.02824
0.04704
2.07163
0.03212
0.38268
0.18689
0.91103
1.19598
0.76268
0.51905
0.11693
0.60247
1.73657
0.73494
0.72165
2.15552
1.02015
0.42554
1.09008
0.25887
0.23704
1.06012
0.91871
1.15934
2.04616
2.91815
0.09264
0.46464
0.20449
0.05067
1.58206
1.10898
0.59690
0.04143
1.17797
0.50104
0.21481
0.52604
0.71830
0.28334
1.03112
0.03338
0.12798
0.55619
0.45349
0.57366
0.17633
1.10877
0.80472
0.18997
0.89923
0.59288
0.72041
3.11011
2.91207
0.63067
0.78403
4.10411
1.00331
0.81610
2.12985
3.62821
0.88261
0.75473
2.74204
0.24622
3.10050
1.70545
2.01896
1.39889
0.38042
1.69910
0.15573
0.18864
0.25257
0.66631
0.45706
0.02677
1.15663
0.25475
0.44837
0.39014
0.81478
1.97837
0.91141
0.22632
0.56119
1.19164
0.35823
0.44125
0.00910
1.81935
0.25756
2.00665
0.44076
0.01790
0.70529
0.05713
1.16047
1.30081
0.03450
0.36150
0.48951
0.36338
2.04561
1.22042
1.26493
2.31973
1.56319
1.06393
1.13965
1.88361
0.81352
0.87516
0.26014
0.21437
0.17020
1.22012
0.49984
1.43151
0.58660
0.51882
0.07915
1.18945
0.81710
2.63738
0.98393
0.36918
0.70231
0.89216
0.24405
0.93226
0.68989
0.13674
1.32568
1.53974
1.15827
0.23152
0.13020
0.20156
0.26064
0.64072
0.02598
0.99275
0.08523
1.12476
0.52808
0.28770
0.84459
0.36382
0.30301
0.28233
0.11247
1.24163
1.80094
2.06561
0.83370
0.69275
1.46430
0.08253
1.16399
0.17681
0.80135
1.38121
2.14006
0.50307
3.88684
0.62449
0.49401
0.96755
0.33691
0.26987
0.35209
1.54903
3.29029
3.03308
1.30622
1.87414
0.30671
1.78376
0.24348
0.06503
0.52093
2.16613
1.13240
2.79489
0.19222
0.60189
0.53959
0.30840
0.72034
4.33026
0.03612
1.45647
0.31540
1.13383
1.38145
0.12852
0.31192
0.51897
0.61938
1.23388
0.19602
0.80320
3.86895
1.88851
1.03371
0.63998
1.88525
0.38795
1.58341
0.12857
1.53050
0.10256
0.40377
0.11493
0.16821
0.51895
0.35195
1.57058
0.09903
0.36166
0.06554
1.55984
1.76256
0.19622
1.05039
0.06485
1.06356
0.84890
0.58298
0.86509
0.35063
2.17385
0.86154
0.94671
1.03622
0.23933
0.76488
1.30534
0.06789
0.02192
3.59999
0.31499
0.12517
0.51864
0.44435
2.52724
1.47718
1.86047
0.49275
0.18433
0.27039
3.51414
0.62706
2.82935
0.53526
0.40570
1.60879
1.17332
0.58297
0.33862
0.56635
0.20970
0.87169
0.72794
1.08587
0.18650
0.17294
1.29967
1.76023
1.00604
0.35670
0.36398
1.72835
0.07152
0.41234
0.09283
0.34445
0.95859
0.20922
0.70516
1.17580
0.89553
1.65713
1.89566
3.86618
0.85085
0.56460
0.19181
1.44536
0.61582
0.25707
1.35590
0.36752
1.03650
3.49086
0.69902
1.64297
0.24561
1.09101
0.26068
0.97231
1.15184
0.01158
1.52974
3.72066
0.73317
0.40386
1.51145
0.19093
0.24047
3.00543
0.24104
0.11792
4.06464
0.58510
3.35346
0.43878
0.25914
1.28761
0.21208
0.28374
1.09790
0.50982
3.60128
0.59283
1.84723
0.00171
0.30326
0.09794
0.03670
1.10171
0.50816
1.02075
0.35222
0.53511
3.84889
3.10681
0.86771
2.19414
0.08620
0.66956
0.00357
0.13794
0.46882
0.53544
0.40546
1.06205
4.71186
0.17886
0.41705
0.45125
0.33356
0.07194
0.36924
1.53341
1.54065
0.30169
0.57339
0.19091
2.30758
1.58681
1.49886
4.92378
0.11224
0.41743
0.00965
1.48409
0.27356
4.17068
0.08897
1.22407
2.32444
0.61923
1.91801
0.21927
0.31993
1.59647
0.07616
0.16455
1.69171
1.10219
0.12529
1.21605
0.02806
0.04863
4.00410
0.16608
1.62662
0.28540
1.90975
1.25702
0.65292
1.04711
0.35822
0.21223
0.34249
0.88700
2.02339
2.31694
0.31811
0.23369
2.70286
0.31207
0.43235
0.27924
1.51325
1.89056
1.22629
0.43463
1.09694
0.07722
0.21668
3.37542
1.88951
0.71982
1.01282
0.64903
0.92174
0.19571
1.16672
0.09528
0.24044
1.28340
0.49716
1.16380
1.03200
0.27819
1.34512
1.13252
1.82496
0.56068
0.25017
1.53881
1.34520
1.71322
0.87747
0.02647
0.09811
0.01653
2.14419
0.92290
1.64333
0.07053
0.13700
0.40343
0.27397
0.54279
0.18672
0.06981
0.12829
0.23695
3.19161
0.70089
1.72219
0.25896
2.11743
0.18323
1.64535
1.73574
0.22285
2.53189
0.92209
0.80606
0.77257
0.36107
1.22395
0.40894
0.12739
1.42232
1.06574
1.00712
0.04725
0.45151
0.33086
1.28153
1.45768
0.41289
0.69798
0.19761
0.35237
0.55672
0.42660
2.91890
1.55512
0.38778
0.39268
0.49476
2.12156
0.03817
1.14537
2.35082
0.96123
1.53864
0.69210
2.78893
0.41810
1.08373
1.11198
1.52017
1.38015
1.10771
1.06055
0.94008
0.49207
0.12912
0.52789
2.23079
0.11321
0.50451
1.35374
0.56605
0.44205
0.28525
0.00718
0.24410
1.92280
1.18785
0.85449
1.24528
1.48487
3.28901
1.33707
1.83741
0.68373
1.58290
0.77872
0.21872
1.86771
0.54740
1.19964
0.58320
0.97741
0.24411
0.55130
2.03649
1.52204
1.70362
1.41474
0.17756
1.06623
2.25246
1.40411
0.06448
1.52284
1.20808
0.39595
0.70462
0.60961
0.23274
0.23034
0.13362
0.03984
1.22190
2.89417
1.32996
0.24692
0.65765
0.51987
2.58090
1.06760
0.52301
0.70979
0.86536
0.74983
0.83012
1.08537
4.56696
0.26000
0.28364
1.06224
1.56101
1.29734
0.02078
0.60991
0.34486
0.43263
0.77881
0.37687
0.07061
5.04819
2.93566
0.93320
0.20030
0.12764
0.85167
0.78669
0.27114
2.99974
0.73823
0.67574
0.00364
0.10869
0.04309
0.64961
1.23092
1.31884
1.79950
3.53522
1.65595
0.13865
0.04625
0.26556
2.36888
2.64147
1.32868
0.41300
1.07189
0.09014
0.22245
3.75904
0.04125
1.79637
1.09836
0.14501
0.74995
1.25015
0.70164
0.92566
0.72294
0.52875
1.09708
1.54032
0.30973
0.63631
0.17234
1.53470
1.36199
1.43963
0.32177
5.66027
0.19665
1.19638
1.23157
0.24594
0.36708
5.06261
0.08847
0.64313
0.65043
0.28124
0.32961
0.38366
1.20208
4.67425
1.65809
0.62973
0.68597
0.74008
1.97621
1.38104
0.68725
0.59859
0.40556
0.14702
0.55902
0.03158
0.85983
0.84860
0.14965
1.92051
1.00019
1.93000
1.79610
0.64292
1.35749
0.38655
0.16397
0.00305
0.09022
0.11316
1.08531
0.35365
0.55472
2.60035
1.01269
0.26494
0.20359
0.96314
0.65789
0.00847
0.27929
1.90211
1.67067
2.90016
0.50815
0.40085
0.31494
4.60724
2.38529
1.52991
0.17282
2.00578
2.10815
1.27578
2.13229
0.51879
1.61943
0.42565
1.36759
0.26104
1.56852
1.17822
0.67183
0.60007
0.56804
0.91045
0.87985
1.61298
0.16325
3.10815
3.24227
1.37723
1.13019
1.68769
1.97417
0.77039
2.08191
0.33371
0.68622
0.23854
1.38091
0.14212
0.21194
0.13805
1.70661
1.24256
0.81963
3.61658
0.41016
1.68346
0.06089
0.57812
0.14101
1.85505
4.40097
0.02588
0.56368
0.79030
0.55882
0.36737
0.88977
2.98176
1.36723
0.13114
0.00186
0.77772
2.97646
1.60598
0.56619
2.15269
1.89298
1.27795
0.80694
0.79432
0.95449
1.99885
0.78046
0.63100
0.88894
0.35518
0.00188
0.70284
0.86871
2.07758
0.82652
0.22625
0.00415
1.11107
0.12139
0.17265
0.00845
0.55123
0.19389
1.33732
2.27043
0.36513
0.07004
0.65844
0.68079
1.13356
0.30981
0.63566
1.01231
1.54882
0.53521
0.97818
0.10005
0.03056
0.98047
0.87531
1.28382
0.68783
0.07831
0.63192
1.87539
1.49578
2.81055
0.05016
2.82511
1.28208
0.22847
2.41084
0.54182
1.65962
1.05419
0.75054
0.04978
0.58290
2.01627
0.33819
0.40424
1.04111
0.40428
0.36549
0.28173
0.66194
0.42855
0.60883
0.15145
1.06910
1.49064
0.93869
0.06122
0.62492
0.68437
1.06664
1.33833
0.85267
3.68567
3.53599
0.22825
1.92553
4.03374
0.26604
2.22916
0.39289
0.06516
0.51586
1.30670
1.07239
0.17347
1.41646
1.55114
0.61003
5.76861
0.38878
1.41962
0.29980
0.11893
0.18890
0.06580
5.90828
5.84621
1.19097
0.38832
0.02660
0.24644
0.53399
1.14717
0.83812
0.89881
1.37526
0.56077
0.31859
1.08976
0.21393
0.82931
0.14884
0.83053
1.93964
0.39102
0.43460
0.69932
3.63079
2.71833
0.66858
1.73019
0.34008
0.31613
0.27085
0.53680
0.72896
0.04256
1.65255
0.85751
0.82048
0.14159
1.38147
1.62772
0.37832
0.80408
1.11278
0.61631
1.41905
0.02084
2.43328
1.39498
0.24544
2.56887
0.03451
2.60209
1.00108
0.14648
0.91798
0.06959
1.55935
1.68419
0.41475
0.88545
0.04682
0.40676
0.29503
0.73351
1.04196
0.42618
0.82717
1.35627
2.45130
0.72802
0.25072
0.06441
0.35854
0.76312
0.54064
0.51908
0.10376
0.14897
0.51735
2.17780
1.51822
0.18653
0.93672
2.15440
6.98756
0.80258
1.39972
0.77016
0.56170
0.06229
0.01413
0.48799
2.32890
0.20911
2.02059
0.82471
0.02476
1.82170
0.88704
0.39474
1.03777
0.62802
0.06854
1.67297
2.50496
1.05251
0.09913
2.67629
1.20286
1.32508
0.48743
0.08280
2.27329
1.95182
0.42309
1.41140
0.56202
3.51970
0.21456
0.81984
0.29629
1.33081
0.23476
0.24147
0.00094
0.72505
0.43913
1.60529
0.00995
0.39713
0.89518
0.63936
3.37488
0.77208
0.39265
1.37034
2.53717
1.39225
1.65316
0.00989
1.15300
0.51207
0.26220
0.57544
0.97659
0.49880
0.12823
0.17034
1.25914
0.56701
1.05238
0.61583
1.03209
0.34166
0.36928
2.20635
1.16466
0.00064
3.03269
0.00782
1.26054
1.46633
2.66716
0.07615
0.04304
0.44292
0.24866
0.12497
1.93692
0.98762
1.81076
1.20924
0.18726
0.76148
1.58250
1.12426
1.02033
0.92530
0.37357
0.64483
1.53034
0.43655
0.15129
0.97519
2.73864
0.94638
0.51829
3.79222
0.29036
0.35142
0.27793
0.36270
1.73523
3.94027
1.00129
2.01279
0.32821
1.21694
0.82513
1.48000
2.88300
1.55989
0.35761
0.19880
0.62319
0.87444
0.19661
0.34931
1.53532
0.97297
0.89138
0.29410
0.03135
0.72226
0.89583
0.60380
2.79909
0.46023
0.03701
0.86977
0.00180
1.43096
2.65420
0.24069
0.33837
0.90033
0.52046
0.30202
0.06987
3.59271
0.09079
0.39772
0.26570
0.27749
0.83603
0.65992
1.57654
2.66189
0.51750
0.33395
1.02944
0.20304
0.75316
0.65499
0.74066
0.79290
0.39919
1.88767
2.56675
0.14877
0.84117
1.62776
0.08389
0.15956
0.18479
1.50264
0.00551
0.58460
0.49851
0.91677
0.04268
1.35033
0.04566
1.80683
1.21765
3.17107
3.25145
0.07908
1.30334
0.27149
0.19242
0.07917
0.77855
0.06573
0.42572
0.50867
0.40776
0.88176
0.07519
0.10722
0.04521
0.47728
0.19350
0.36010
0.56779
0.68848
2.99384
0.88883
0.60595
4.84141
0.96680
0.97866
1.94814
0.47650
0.66104
0.22370
0.43989
1.25393
0.08907
0.28582
2.98857
0.57897
0.00294
1.15826
0.72640
0.52849
0.36721
0.12626
0.12442
1.97931
6.15492
0.01132
1.00754
0.96111
2.12381
0.60606
0.90679
3.57925
1.75110
0.55285
2.64249
0.01248
0.07684
0.43004
0.11526
1.72686
0.45237
0.19195
0.93585
0.20892
4.86085
0.53697
1.39529
0.48571
0.82323
0.97870
0.48305
2.46402
1.24951
0.16742
2.78923
0.05491
2.32718
3.36382
0.50020
0.59235
0.85824
0.04008
0.58817
0.60865
0.22828
1.74431
4.32614
0.38140
0.92939
0.78852
0.37477
1.14032
0.70835
0.17618
0.49999
0.36330
1.16040
3.08018
0.48431
0.29492
0.15712
1.22602
0.14020
0.84639
7.11958
0.70075
0.10442
0.12929
0.07517
0.97465
0.64797
0.33773
2.01326
0.63930
2.43464
0.21199
1.74565
0.48077
0.24820
1.45055
0.78064
0.62451
2.03140
0.21088
0.62424
0.25405
0.11954
0.18505
0.04284
2.99240
0.19029
0.36760
0.47429
2.10431
0.29543
2.37247
0.50650
2.67753
0.19873
1.14756
0.86292
1.82786
1.11259
0.47334
0.70310
0.14771
1.00244
0.21470
1.90717
1.66840
1.42629
0.34872
0.18675
1.35241
0.05591
0.65320
1.97209
0.01473
0.66622
3.55295
0.65005
0.14135
1.15241
0.49883
0.05249
1.39263
0.08606
0.73742
0.00954
0.92995
0.69333
0.87853
0.26009
0.86731
0.38982
0.66070
0.81321
0.67299
0.61350
0.19596
0.70035
0.20595
2.28063
3.09473
1.62159
0.40255
0.73369
1.13990
0.59112
0.95700
1.22317
0.34087
0.14309
2.00203
1.12508
2.64922
1.31931
0.51503
0.03330
0.61743
0.46536
2.32213
0.26412
0.18963
0.07734
1.70016
0.86609
0.58457
0.10436
2.62286
2.72330
0.47500
3.09504
0.03900
0.55283
1.01962
0.16624
0.15237
2.62439
0.26096
0.33053
2.77662
0.56919
0.18232
1.24681
0.65915
0.53548
1.32520
2.05065
1.45958
0.10541
1.59962
3.32073
0.18820
1.10770
2.44077
1.23370
0.03985
0.32255
1.05364
1.41126
0.52258
0.49401
1.67172
0.03814
2.32855
0.80488
2.79572
0.21611
0.09361
0.31145
0.90808
1.10469
2.12967
1.84934
0.84545
1.60599
1.49183
1.44409
0.54556
0.99351
1.75934
0.18616
0.58529
0.68839
0.74619
2.00149
0.39357
1.71857
0.77575
1.77332
1.20595
0.24974
1.57282
0.92156
0.49256
0.26814
0.16667
1.55562
0.19999
0.02026
0.92737
0.70619
0.46611
1.89596
0.33783
0.16871
0.09771
1.50485
1.80087
0.22709
0.93598
0.62769
1.18153
0.76180
0.41768
0.38660
0.20494
0.09520
1.15860
0.68693
0.44853
0.70142
0.86082
0.81008
1.37679
0.18699
1.53727
2.13754
0.01974
0.76862
1.68448
0.13180
0.42298
4.72243
0.97516
0.42184
2.08466
0.86944
1.26215
0.76137
0.26696
1.71831
1.09348
0.37136
0.15461
1.17142
0.03055
0.44620
0.99379
0.89513
0.86110
0.18857
2.89134
2.83530
0.04601
0.46120
1.77148
0.17606
1.22707
0.82398
1.18953
0.91261
0.16525
0.63974
0.20584
0.28801
0.52249
0.28129
0.15853
0.19446
0.99731
1.07011
0.22694
0.77131
1.98381
0.31623
1.95750
1.05691
2.78674
0.36070
0.00163
0.79648
0.25640
1.99872
0.08486
1.60094
0.80402
0.20537
0.31665
0.58298
0.68948
0.18267
1.43680
2.25146
0.42945
0.61725
0.85636
1.14167
1.95988
0.86306
1.07498
0.62414
0.01159
0.14824
2.08555
0.99819
1.98029
0.46498
0.21392
1.25786
0.93259
1.35869
1.04132
0.16286
0.85015
1.47797
0.92000
0.25611
0.74411
2.42211
0.02869
0.10889
1.82781
1.29141
0.57633
1.41082
0.42941
0.26019
0.10410
1.51962
0.00066
0.40233
2.66784
2.52716
0.04620
0.42504
0.20334
0.03217
1.90425
0.18549
0.77345
0.14107
1.51010
0.25480
1.11574
1.87879
0.14498
0.28392
1.40159
0.72541
1.08965
0.71625
1.41444
2.39705
0.76982
1.68040
0.98438
0.33864
1.07190
2.98258
0.86031
2.74904
0.58103
1.53645
1.35332
0.02852
0.50547
0.36664
1.94751
0.68546
1.02467
1.25149
0.14988
0.31071
0.75015
0.06475
0.59957
0.13297
0.95399
0.24357
0.65657
0.67974
1.17181
0.21531
0.70738
2.41863
0.02089
0.06981
0.49547
0.36446
0.47698
0.01457
0.27505
0.77510
1.56752
0.00311
0.53986
0.02781
0.12387
0.11315
0.03715
1.22994
1.26793
2.59837
0.68110
0.15687
0.08819
0.54262
3.23268
1.52273
0.97201
0.24643
0.74917
0.89720
1.07481
0.05012
1.06049
0.71678
0.57282
2.88791
0.39762
0.62858
0.54404
0.18872
1.03786
2.43493
0.25093
2.29795
0.40183
0.24102
0.28604
0.12176
0.62200
0.35172
1.09582
0.17418
0.00475
0.64619
1.46257
2.71970
1.99153
0.56141
0.90610
0.09985
0.74441
0.85480
1.87169
1.86550
0.33487
2.20963
0.06276
1.40821
5.05160
2.42730
1.03500
0.39017
0.04505
0.61977
0.45782
0.39774
0.05852
1.65019
1.09866
0.85010
1.22197
0.18808
2.60565
0.50829
1.98598
0.36157
0.53641
0.28506
0.81171
0.06164
4.11781
0.02736
1.27071
0.85626
0.17971
2.72620
0.12732
3.39138
0.12783
0.43285
1.00183
0.34112
1.63666
2.79882
0.07774
1.87217
2.55620
1.09226
1.29549
0.39648
0.42953
0.09700
0.66339
0.11424
1.81510
3.12323
0.31425
0.86301
0.33050
0.90554
3.86185
0.57105
1.46898
1.00334
2.17608
0.37087
3.15633
0.69312
0.15306
0.48607
1.59591
0.31071
1.66097
0.13343
0.49871
0.24053
0.07167
2.17003
0.79919
1.57843
2.08669
1.50504
0.32401
0.20189
0.43036
0.68305
1.05469
1.60797
1.32484
0.25192
0.60361
1.17533
0.34498
2.76487
2.68178
0.77856
0.12544
0.07790
0.38695
0.99378
0.85378
0.31518
0.91693
1.69037
0.74064
0.17692
0.21777
0.43484
0.62791
0.98139
1.75064
0.46492
4.49925
0.74070
0.49243
1.10108
0.48836
0.24000
0.99018
0.68629
0.66628
0.47495
0.00152
0.58576
0.36596
0.70245
0.35210
1.96759
0.42012
3.50340
0.10511
0.47470
0.27899
4.12235
1.03851
0.67461
0.01357
0.20664
0.19541
0.99480
1.60332
0.54049
2.16086
0.34639
1.65101
0.86604
2.34068
2.09823
0.14970
1.15157
2.00716
0.75948
3.07387
4.18665
1.35893
0.27925
0.02635
0.56514
0.76110
0.33623
2.78893
0.50037
0.06663
0.42874
3.55489
0.99635
0.58995
0.25779
0.56605
0.11186
2.27944
1.28672
0.34308
1.49555
0.42733
0.93438
0.43578
1.63018
0.30510
1.29664
0.71662
2.79173
1.07874
0.20477
0.19136
0.07564
0.41458
1.84258
2.40702
2.52933
0.06441
0.46877
1.15361
1.88363
0.19633
0.23405
0.73618
1.33120
0.50591
0.26350
0.05883
0.27292
0.57494
0.69430
0.47065
1.78705
0.96478
1.37484
0.25746
2.79122
1.32387
1.50274
3.56505
1.58289
1.03202
0.64799
1.61544
0.51829
0.32762
0.37341
0.81046
0.80757
2.46516
1.97507
3.07460
0.14225
0.00023
1.02984
0.41729
1.62120
0.68460
0.92814
3.38525
0.08162
3.60552
0.58189
0.35579
0.30386
0.17448
0.75700
0.40476
1.05711
2.65334
1.67095
1.78337
0.06039
2.51144
0.21156
1.94478
0.34261
0.69587
0.78285
0.05807
0.35281
0.45899
1.98963
2.93268
0.52425
1.60790
0.61403
0.49906
1.79347
2.32587
1.87508
0.08243
2.09809
1.28610
1.79762
1.48305
0.12524
1.06739
10.06797
0.29195
0.09460
0.35146
0.35053
0.19957
1.31910
2.51119
2.93115
3.31891
2.50035
0.49238
0.18349
0.96652
0.37264
0.02037
0.45922
0.44063
0.57767
0.03499
1.09695
1.52233
2.66726
0.42051
6.05485
2.05508
0.83840
1.87374
0.16430
0.01118
1.42673
0.37316
2.18761
1.08032
1.19190
1.98872
0.76660
1.22962
0.54859
0.01403
0.25265
0.19577
0.74186
0.36160
0.41935
0.45643
1.06282
0.04795
5.20688
1.79103
1.31348
0.14649
0.75901
0.12522
0.22682
2.73362
2.58297
2.62654
1.09285
0.31552
1.90331
0.92484
1.22749
0.02355
0.36416
0.38133
0.59648
0.01433
0.11454
2.26616
0.78818
0.01625
0.52791
4.33945
0.07900
0.41622
0.01748
0.31035
0.53439
1.48662
2.71789
0.49668
0.19717
0.05397
0.34184
0.78394
1.15372
0.17326
0.41646
1.87874
0.68017
0.11207
0.26463
0.86380
1.30805
1.73786
1.08460
1.91673
2.52898
0.82431
0.30555
0.43345
2.40559
0.38774
2.54934
0.72908
0.22899
1.75872
0.18777
1.35131
0.38281
1.10406
1.58001
0.17189
1.17785
1.19586
4.14545
0.80592
0.42244
0.20981
0.60973
0.01189
0.31541
1.40009
0.08734
0.96615
0.19904
0.04847
0.52710
0.18592
1.55039
3.29069
0.90575
1.44940
3.02609
2.16507
0.45258
0.59540
2.15450
0.15495
0.01668
0.00172
2.03430
0.24006
0.68548
1.15407
1.54869
2.40239
0.66442
0.00454
0.32678
2.11593
1.25564
1.09657
0.01446
3.18663
0.05255
1.86998
0.03836
0.78373
2.24486
1.03338
0.21365
0.18665
0.06822
2.77775
0.85542
0.91000
3.06252
0.82279
0.52411
1.77548
1.20355
0.76396
0.26623
0.59227
0.10302
0.08610
0.10969
0.10224
1.03558
1.25548
1.82015
1.21325
0.09340
2.03309
1.32728
0.97762
1.10567
2.30153
0.90615
0.46465
1.66315
0.71410
1.19383
0.00686
2.25846
0.20756
0.37697
1.76587
1.05468
1.39864
